
0, 0, 
-0.138734, 0.138734, 
-0.276226, 0.274982, 
-0.412796, 0.40941, 
-0.548751, 0.542636, 
-0.684375, 0.67522, 
-0.819934, 0.807667, 
-0.955672, 0.940413, 
-1.09181, 1.07383, 
-1.22854, 1.2082, 
-1.36604, 1.34373, 
-1.50445, 1.48055, 
-1.64387, 1.61866, 
-1.78439, 1.75798, 
-1.92604, 1.89831, 
-2.06884, 2.03933, 
-2.21276, 2.18056, 
-2.35771, 2.32144, 
-2.5036, 2.46122, 
-2.65027, 2.59905, 
-2.79753, 2.73394, 
-2.94517, 2.86476, 
-3.09293, 2.9903, 
-3.24053, 3.10923, 
-3.3877, 3.22017, 
-3.53412, 3.32167, 
-3.6795, 3.41231, 
-3.82352, 3.49063, 
-3.9659, 3.55523, 
-4.10635, 3.60477, 
-4.24461, 3.63798, 
-4.3804, 3.65368, 
-4.51346, 3.65079, 
-4.64352, 3.62833, 
-4.77028, 3.58541, 
-4.89343, 3.52123, 
-5.01258, 3.43508, 
-5.12728, 3.32631, 
-5.23703, 3.19435, 
-5.34119, 3.03871, 
-5.43905, 2.85894, 
-5.52975, 2.65469, 
-5.61234, 2.42567, 
-5.68573, 2.17169, 
-5.74872, 1.89267, 
-5.79999, 1.58867, 
-5.83817, 1.25988, 
-5.8618, 0.906682, 
-5.86944, 0.529643, 
-5.85965, 0.129554, 
-5.83109, -0.292551, 
-5.78258, -0.735371, 
-5.71315, -1.19732, 
-5.62212, -1.67647, 
-5.5092, -2.17059, 
-5.37455, -2.67701, 
-5.21885, -3.19262, 
-5.04341, -3.71377, 
-4.85021, -4.23616, 
-4.64198, -4.75466, 
-4.42228, -5.2631, 
-4.19556, -5.75403, 
-3.96719, -6.21844, 
-3.74349, -6.6455, 
-3.53168, -7.02246, 
-3.33965, -7.33477, 
-3.17565, -7.56676, 
-3.0476, -7.70287, 
-2.96217, -7.72973, 
-2.92377, -7.63853, 
-2.93358, -7.42731, 
-2.98904, -7.10223, 
-3.08408, -6.67715, 
-3.21002, -6.17162, 
-3.35689, -5.60785, 
-3.51474, -5.00782, 
-3.67462, -4.39116, 
-3.82912, -3.77408, 
-3.97249, -3.16923, 
-4.10059, -2.58606, 
-4.21059, -2.03136, 
-4.30076, -1.50994, 
-4.3702, -1.02508, 
-4.41862, -0.578947, 
-4.44622, -0.172918, 
-4.45348, 0.192276, 
-4.44115, 0.516397, 
-4.41011, 0.799623, 
-4.36136, 1.0425, 
-4.29595, 1.24593, 
-4.21499, 1.41112, 
-4.11962, 1.53958, 
-4.01097, 1.63311, 
-3.89021, 1.69379, 
-3.75848, 1.72387, 
-3.61694, 1.72582, 
-3.46671, 1.70223, 
-3.30888, 1.65573, 
-3.14451, 1.589, 
-2.97461, 1.50464, 
-2.8001, 1.40518, 
-2.62187, 1.29297, 
-2.4407, 1.17022, 
-2.2573, 1.03891, 
-2.07229, 0.900808, 
-1.8862, 0.757457, 
-1.6995, 0.610186, 
-1.51257, 0.460113, 
-1.32572, 0.308167, 
-1.13921, 0.155106, 
-0.953245, 0.00154253, 
-0.767973, -0.152035, 
-0.583518, -0.305236, 
-0.399973, -0.457743, 
-0.217409, -0.609288, 
-0.0358861, -0.759633, 
0.144545, -0.908549, 
0.323833, -1.05579, 
0.501921, -1.2011, 
0.678744, -1.34416, 
0.854224, -1.4846, 
1.02826, -1.62201, 
1.20075, -1.75588, 
1.37155, -1.88565, 
1.54051, -2.01066, 
1.70744, -2.1302, 
1.87217, -2.24347, 
2.03448, -2.34964, 
2.19414, -2.44782, 
2.35092, -2.53707, 
2.50459, -2.61647, 
2.6549, -2.68505, 
2.8016, -2.74192, 
2.94446, -2.78616, 
3.08323, -2.81695, 
3.21768, -2.8335, 
3.34758, -2.83509, 
3.47269, -2.82109, 
3.59277, -2.79096, 
3.70756, -2.74421, 
3.81681, -2.68047, 
3.92021, -2.59943, 
4.01745, -2.50088, 
4.10818, -2.38467, 
4.19201, -2.25075, 
4.2685, -2.09913, 
4.33721, -1.92992, 
4.39761, -1.7433, 
4.44919, -1.53956, 
4.49136, -1.31907, 
4.52358, -1.0823, 
4.54525, -0.829848, 
4.55583, -0.562418, 
4.5548, -0.280847, 
4.54171, 0.0138871, 
4.51618, 0.320659, 
4.47795, 0.638185, 
4.42691, 0.965008, 
4.36309, 1.29949, 
4.28675, 1.63979, 
4.19833, 1.98385, 
4.09855, 2.32937, 
3.98837, 2.6738, 
3.86905, 3.01427, 
3.74211, 3.34759, 
3.60939, 3.67021, 
3.47303, 3.97818, 
3.33543, 4.26715, 
3.19923, 4.53238, 
3.06726, 4.7688, 
2.94247, 4.97112, 
2.82776, 5.13406, 
2.72591, 5.25262, 
2.63931, 5.32247, 
2.56983, 5.34039, 
2.51858, 5.3047, 
2.48583, 5.21558, 
2.47087, 5.07529, 
2.4721, 4.88804, 
2.48714, 4.65977, 
2.51304, 4.39765, 
2.54657, 4.10949, 
2.58439, 3.80321, 
2.62338, 3.48635, 
2.66069, 3.16575, 
2.69388, 2.84734, 
2.72096, 2.53609, 
2.74037, 2.23603, 
2.75095, 1.95033, 
2.7519, 1.68137, 
2.74272, 1.4309, 
2.72316, 1.20011, 
2.69319, 0.989752, 
2.65292, 0.800188, 
2.6026, 0.631478, 
2.54257, 0.483431, 
2.47327, 0.355645, 
2.39515, 0.24755, 
2.30874, 0.158434, 
2.21455, 0.0874749, 
2.11314, 0.0337607, 
2.00506, -0.00368951, 
1.89086, -0.025907, 
1.77108, -0.0339572, 
1.64625, -0.0289253, 
1.51689, -0.0119033, 
1.38349, 0.0160205, 
1.24653, 0.053771, 
1.10648, 0.100294, 
0.963768, 0.15456, 
0.818811, 0.215571, 
0.672007, 0.28236, 
0.523731, 0.353994, 
0.37434, 0.429569, 
0.224176, 0.508217, 
0.0735626, 0.589093, 
-0.07719, 0.67138, 
-0.227783, 0.754284, 
-0.377929, 0.837029, 
-0.527349, 0.918854, 
-0.675771, 0.999015, 
-0.822931, 1.07678, 
-0.968567, 1.15141, 
-1.11242, 1.22222, 
-1.25425, 1.28848, 
-1.39379, 1.34952, 
-1.53081, 1.40465, 
-1.66505, 1.45323, 
-1.79627, 1.49461, 
-1.92423, 1.52819, 
-2.0487, 1.55338, 
-2.16944, 1.56965, 
-2.2862, 1.57649, 
-2.39876, 1.57344, 
-2.50688, 1.56008, 
-2.61032, 1.53606, 
-2.70886, 1.50106, 
-2.80224, 1.45485, 
-2.89024, 1.39723, 
-2.97261, 1.32808, 
-3.04911, 1.24735, 
-3.11949, 1.15504, 
-3.18352, 1.05123, 
-3.24095, 0.936086, 
-3.29154, 0.809823, 
-3.33508, 0.672747, 
-3.37136, 0.52524, 
-3.40017, 0.367765, 
-3.42135, 0.20087, 
-3.43477, 0.0251876, 
-3.44034, -0.158556, 
-3.43802, -0.349544, 
-3.42781, -0.54686, 
-3.40981, -0.749492, 
-3.38417, -0.95632, 
-3.35113, -1.16612, 
-3.31101, -1.37756, 
-3.26426, -1.58919, 
-3.21139, -1.79945, 
-3.15304, -2.00668, 
-3.08994, -2.20907, 
-3.02291, -2.40475, 
-2.95288, -2.59174, 
-2.88085, -2.76796, 
-2.80787, -2.93131, 
-2.73504, -3.07968, 
-2.66347, -3.21096, 
-2.59425, -3.32318, 
-2.52838, -3.41451, 
-2.46679, -3.48338, 
-2.41025, -3.52857, 
-2.35934, -3.54927, 
-2.31443, -3.54516, 
-2.27564, -3.51648, 
-2.24282, -3.46402, 
-2.2156, -3.38915, 
-2.19337, -3.29373, 
-2.17531, -3.18005, 
-2.16049, -3.05075, 
-2.14784, -2.90865, 
-2.13628, -2.75669, 
-2.12472, -2.5978, 
-2.11212, -2.43476, 
-2.09752, -2.27022, 
-2.08006, -2.10655, 
-2.059, -1.94587, 
-2.03372, -1.79, 
-2.00373, -1.64049, 
-1.96865, -1.49861, 
-1.92823, -1.36537, 
-1.8823, -1.24153, 
-1.83079, -1.12766, 
-1.77369, -1.02411, 
-1.71108, -0.931077, 
-1.64308, -0.84861, 
-1.56987, -0.776627, 
-1.49165, -0.714938, 
-1.40867, -0.66326, 
-1.32119, -0.621232, 
-1.22949, -0.588431, 
-1.13387, -0.564378, 
-1.03463, -0.548553, 
-0.932079, -0.540404, 
-0.826535, -0.53935, 
-0.718309, -0.544795, 
-0.607714, -0.556126, 
-0.495057, -0.572723, 
-0.380645, -0.593959, 
-0.264779, -0.619208, 
-0.147754, -0.647843, 
-0.0298619, -0.679238, 
0.0886121, -0.712775, 
0.207388, -0.747836, 
0.32619, -0.783815, 
0.444749, -0.820109, 
0.5628, -0.856125, 
0.680082, -0.891281, 
0.796339, -0.925004, 
0.911319, -0.956733, 
1.02478, -0.985922, 
1.13647, -1.01204, 
1.24615, -1.03458, 
1.3536, -1.05304, 
1.45858, -1.06695, 
1.56087, -1.07588, 
1.66025, -1.07941, 
1.75651, -1.07716, 
1.84943, -1.06877, 
1.93882, -1.05394, 
2.02447, -1.0324, 
2.10621, -1.00392, 
2.18384, -0.968325, 
2.25719, -0.925471, 
2.32609, -0.875278, 
2.39039, -0.817711, 
2.44993, -0.75279, 
2.50458, -0.680587, 
2.5542, -0.60123, 
2.59869, -0.514901, 
2.63795, -0.421843, 
2.6719, -0.322351, 
2.70048, -0.21678, 
2.72365, -0.105542, 
2.74139, 0.0108933, 
2.75371, 0.131999, 
2.76067, 0.25719, 
2.76233, 0.385828, 
2.75879, 0.517219, 
2.75021, 0.650613, 
2.73677, 0.785213, 
2.71869, 0.920172, 
2.69623, 1.0546, 
2.66969, 1.18756, 
2.63941, 1.3181, 
2.60575, 1.44523, 
2.56912, 1.56794, 
2.52994, 1.68521, 
2.48867, 1.79605, 
2.44575, 1.89947, 
2.40165, 1.99453, 
2.35682, 2.08035, 
2.31169, 2.15612, 
2.26666, 2.22115, 
2.2221, 2.27484, 
2.17831, 2.31677, 
2.13555, 2.34664, 
2.09399, 2.36436, 
2.05373, 2.37, 
2.01481, 2.36382, 
1.97717, 2.34627, 
1.9407, 2.31798, 
1.90519, 2.27973, 
1.87041, 2.23243, 
1.83605, 2.17712, 
1.80178, 2.11491, 
1.76725, 2.04696, 
1.73209, 1.97447, 
1.69593, 1.8986, 
1.65843, 1.82052, 
1.61925, 1.74131, 
1.57811, 1.662, 
1.53471, 1.58353, 
1.48886, 1.50674, 
1.44034, 1.43238, 
1.38902, 1.36108, 
1.3348, 1.2934, 
1.27759, 1.22978, 
1.21739, 1.17055, 
1.15418, 1.11598, 
1.08801, 1.06624, 
1.01894, 1.02142, 
0.947059, 0.981557, 
0.872484, 0.946605, 
0.795344, 0.916471, 
0.715788, 0.891011, 
0.633981, 0.870034, 
0.550096, 0.853311, 
0.464319, 0.84058, 
0.376843, 0.831548, 
0.287868, 0.825899, 
0.197598, 0.823295, 
0.106243, 0.823381, 
0.0140136, 0.825788, 
-0.0788769, 0.830135, 
-0.172214, 0.836034, 
-0.265784, 0.843089, 
-0.359372, 0.850902, 
-0.452764, 0.859073, 
-0.545749, 0.867203, 
-0.638117, 0.874896, 
-0.729658, 0.881762, 
-0.820168, 0.887417, 
-0.909444, 0.891486, 
-0.997287, 0.893608, 
-1.0835, 0.893434, 
-1.1679, 0.890632, 
-1.25029, 0.884887, 
-1.33049, 0.875905, 
-1.40834, 0.863415, 
-1.48365, 0.847172, 
-1.55626, 0.826954, 
-1.62602, 0.802573, 
-1.69278, 0.773866, 
-1.7564, 0.740705, 
-1.81674, 0.702997, 
-1.87367, 0.66068, 
-1.92709, 0.613731, 
-1.97689, 0.562163, 
-2.02297, 0.506027, 
-2.06525, 0.445411, 
-2.10366, 0.380443, 
-2.13814, 0.311288, 
-2.16865, 0.238151, 
-2.19516, 0.161274, 
-2.21765, 0.0809352, 
-2.23614, -0.0025478, 
-2.25063, -0.0888238, 
-2.26118, -0.177507, 
-2.26783, -0.268179, 
-2.27067, -0.36039, 
-2.26978, -0.453665, 
-2.2653, -0.5475, 
-2.25734, -0.64137, 
-2.24607, -0.734733, 
-2.23166, -0.827031, 
-2.21428, -0.917696, 
-2.19416, -1.00616, 
-2.17149, -1.09184, 
-2.14651, -1.17419, 
-2.11944, -1.25265, 
-2.09051, -1.32669, 
-2.05997, -1.39583, 
-2.02802, -1.4596, 
-1.9949, -1.51759, 
-1.9608, -1.56944, 
-1.92592, -1.61486, 
-1.89042, -1.65361, 
-1.85444, -1.68553, 
-1.8181, -1.71056, 
-1.78148, -1.72869, 
-1.74464, -1.74001, 
-1.70761, -1.74468, 
-1.67037, -1.74295, 
-1.63291, -1.73514, 
-1.59516, -1.72162, 
-1.55703, -1.70284, 
-1.51843, -1.67929, 
-1.47925, -1.6515, 
-1.43935, -1.62002, 
-1.3986, -1.58543, 
-1.35687, -1.54829, 
-1.31401, -1.50919, 
-1.26992, -1.46866, 
-1.22446, -1.42726, 
-1.17753, -1.38548, 
-1.12903, -1.34378, 
-1.07889, -1.3026, 
-1.02705, -1.26231, 
-0.973473, -1.22325, 
-0.918124, -1.18571, 
-0.861, -1.14993, 
-0.802113, -1.1161, 
-0.74149, -1.08438, 
-0.679176, -1.05487, 
-0.615229, -1.02763, 
-0.549722, -1.00269, 
-0.482742, -0.98004, 
-0.414386, -0.959625, 
-0.344761, -0.941373, 
-0.273986, -0.925177, 
-0.202185, -0.910906, 
-0.129493, -0.898408, 
-0.0560472, -0.887507, 
0.0180068, -0.878012, 
0.0925205, -0.869718, 
0.167342, -0.862404, 
0.242315, -0.855843, 
0.317283, -0.849796, 
0.392087, -0.844021, 
0.466569, -0.83827, 
0.540569, -0.832297, 
0.613927, -0.825851, 
0.686487, -0.818689, 
0.758091, -0.810568, 
0.828586, -0.801255, 
0.89782, -0.790521, 
0.965645, -0.77815, 
1.03192, -0.763937, 
1.09649, -0.747691, 
1.15923, -0.729233, 
1.22001, -0.708404, 
1.2787, -0.685062, 
1.33518, -0.659083, 
1.38933, -0.630366, 
1.44105, -0.598829, 
1.49024, -0.564416, 
1.5368, -0.527091, 
1.58065, -0.486846, 
1.62171, -0.443693, 
1.65991, -0.397675, 
1.6952, -0.348855, 
1.72752, -0.297324, 
1.75684, -0.243199, 
1.78312, -0.186621, 
1.80635, -0.127753, 
1.82652, -0.066786, 
1.84363, -0.00393065, 
1.8577, 0.0605795, 
1.86876, 0.126491, 
1.87684, 0.19353, 
1.88198, 0.261409, 
1.88426, 0.32982, 
1.88375, 0.398448, 
1.88052, 0.466962, 
1.87467, 0.535027, 
1.8663, 0.602299, 
1.85551, 0.668435, 
1.84244, 0.733092, 
1.82718, 0.795931, 
1.80989, 0.856621, 
1.79067, 0.914845, 
1.76967, 0.9703, 
1.74702, 1.0227, 
1.72283, 1.07179, 
1.69724, 1.11733, 
1.67035, 1.15912, 
1.64229, 1.19699, 
1.61314, 1.2308, 
1.58301, 1.26047, 
1.55196, 1.28592, 
1.52006, 1.30715, 
1.48737, 1.32418, 
1.45392, 1.33708, 
1.41975, 1.34594, 
1.38485, 1.35092, 
1.34924, 1.35218, 
1.31291, 1.34992, 
1.27584, 1.3444, 
1.238, 1.33585, 
1.19935, 1.32455, 
1.15986, 1.31079, 
1.1195, 1.29487, 
1.0782, 1.27709, 
1.03595, 1.25774, 
0.992692, 1.23712, 
0.948396, 1.21551, 
0.903032, 1.19319, 
0.856575, 1.1704, 
0.809009, 1.1474, 
0.760325, 1.12439, 
0.710522, 1.10156, 
0.659609, 1.0791, 
0.607602, 1.05715, 
0.554528, 1.03582, 
0.500423, 1.01521, 
0.445331, 0.995412, 
0.389304, 0.976459, 
0.332404, 0.958382, 
0.274698, 0.941187, 
0.216262, 0.924858, 
0.157178, 0.90936, 
0.097536, 0.894641, 
0.0374281, 0.880633, 
-0.0230465, 0.867251, 
-0.083785, 0.854399, 
-0.144681, 0.841969, 
-0.205623, 0.829841, 
-0.266501, 0.81789, 
-0.327199, 0.805981, 
-0.387602, 0.793976, 
-0.447593, 0.781732, 
-0.507055, 0.769105, 
-0.56587, 0.75595, 
-0.623922, 0.742123, 
-0.681095, 0.727483, 
-0.737276, 0.711893, 
-0.792352, 0.695219, 
-0.846214, 0.677336, 
-0.898755, 0.658127, 
-0.94987, 0.637483, 
-0.99946, 0.615305, 
-1.04743, 0.591506, 
-1.09368, 0.566012, 
-1.13814, 0.538759, 
-1.18071, 0.509701, 
-1.22132, 0.478803, 
-1.25989, 0.446048, 
-1.29637, 0.411433, 
-1.3307, 0.374972, 
-1.36282, 0.336694, 
-1.39268, 0.296645, 
-1.42024, 0.254887, 
-1.44549, 0.211499, 
-1.46838, 0.166574, 
-1.4889, 0.120223, 
-1.50704, 0.0725703, 
-1.52281, 0.0237538, 
-1.5362, -0.026074, 
-1.54723, -0.0767486, 
-1.55592, -0.128094, 
-1.5623, -0.179925, 
-1.5664, -0.232045, 
-1.56827, -0.284254, 
-1.56794, -0.336343, 
-1.56548, -0.3881, 
-1.56095, -0.43931, 
-1.55441, -0.489759, 
-1.54593, -0.539234, 
-1.53558, -0.587524, 
-1.52343, -0.634425, 
-1.50957, -0.679741, 
-1.49407, -0.723284, 
-1.47702, -0.764878, 
-1.45848, -0.804362, 
-1.43853, -0.841589, 
-1.41726, -0.876428, 
-1.39472, -0.908768, 
-1.37099, -0.938517, 
-1.34613, -0.965605, 
-1.3202, -0.989981, 
-1.29324, -1.01162, 
-1.26531, -1.03051, 
-1.23644, -1.04667, 
-1.20668, -1.06014, 
-1.17604, -1.07098, 
-1.14455, -1.07926, 
-1.11223, -1.08508, 
-1.07909, -1.08855, 
-1.04514, -1.08979, 
-1.01039, -1.08894, 
-0.974831, -1.08615, 
-0.93847, -1.08158, 
-0.901305, -1.07537, 
-0.863334, -1.06771, 
-0.824556, -1.05874, 
-0.784971, -1.04862, 
-0.744582, -1.03753, 
-0.703392, -1.0256, 
-0.661408, -1.01299, 
-0.618642, -0.999823, 
-0.575109, -0.986231, 
-0.530827, -0.972327, 
-0.485822, -0.958213, 
-0.44012, -0.943979, 
-0.393757, -0.929701, 
-0.34677, -0.915441, 
-0.299202, -0.901249, 
-0.251103, -0.887162, 
-0.202525, -0.873202, 
-0.153525, -0.859381, 
-0.104164, -0.845696, 
-0.0545095, -0.832134, 
-0.00462914, -0.818673, 
0.0454041, -0.805279, 
0.0955146, -0.791908, 
0.145624, -0.778511, 
0.195653, -0.76503, 
0.245517, -0.751402, 
0.295134, -0.737556, 
0.344417, -0.723421, 
0.393282, -0.70892, 
0.441642, -0.693976, 
0.48941, -0.67851, 
0.536501, -0.662443, 
0.58283, -0.645697, 
0.628311, -0.628198, 
0.672862, -0.609873, 
0.716402, -0.590654, 
0.758851, -0.570476, 
0.800133, -0.549283, 
0.840174, -0.527021, 
0.878902, -0.503648, 
0.91625, -0.479125, 
0.952152, -0.453426, 
0.986549, -0.42653, 
1.01938, -0.398427, 
1.0506, -0.369116, 
1.08015, -0.338608, 
1.108, -0.30692, 
1.1341, -0.274084, 
1.15842, -0.240138, 
1.18093, -0.205133, 
1.2016, -0.169129, 
1.22042, -0.132196, 
1.23737, -0.0944135, 
1.25245, -0.0558691, 
1.26565, -0.0166599, 
1.27697, 0.0231092, 
1.28643, 0.0633262, 
1.29402, 0.103873, 
1.29977, 0.144625, 
1.3037, 0.185453, 
1.30584, 0.226225, 
1.30621, 0.266805, 
1.30485, 0.307056, 
1.3018, 0.346841, 
1.29709, 0.386021, 
1.29077, 0.424461, 
1.28289, 0.462028, 
1.27348, 0.498594, 
1.26261, 0.534036, 
1.25032, 0.568235, 
1.23666, 0.601083, 
1.22168, 0.632477, 
1.20542, 0.662327, 
1.18795, 0.690549, 
1.1693, 0.717074, 
1.14953, 0.741841, 
1.12867, 0.764803, 
1.10677, 0.785925, 
1.08387, 0.805185, 
1.06001, 0.822572, 
1.03522, 0.838088, 
1.00953, 0.851747, 
0.982965, 0.863575, 
0.955562, 0.873609, 
0.927342, 0.881896, 
0.898327, 0.888491, 
0.868536, 0.893459, 
0.837989, 0.896873, 
0.806704, 0.898808, 
0.774696, 0.89935, 
0.741981, 0.898583, 
0.708577, 0.896598, 
0.674497, 0.893483, 
0.63976, 0.88933, 
0.604383, 0.884228, 
0.568384, 0.878263, 
0.531784, 0.87152, 
0.494605, 0.864079, 
0.456871, 0.856016, 
0.41861, 0.847399, 
0.379849, 0.838293, 
0.340622, 0.828755, 
0.300961, 0.818835, 
0.260905, 0.808576, 
0.220493, 0.798015, 
0.179768, 0.787179, 
0.138774, 0.77609, 
0.0975603, 0.764763, 
0.0561764, 0.753204, 
0.0146751, 0.741413, 
-0.0268889, 0.729386, 
-0.0684588, 0.71711, 
-0.109976, 0.704569, 
-0.151381, 0.69174, 
-0.192611, 0.678599, 
-0.233605, 0.665114, 
-0.274299, 0.651253, 
-0.314629, 0.636981, 
-0.354531, 0.622261, 
-0.39394, 0.607054, 
-0.432791, 0.591322, 
-0.471021, 0.575026, 
-0.508567, 0.558128, 
-0.545367, 0.540592, 
-0.581358, 0.522384, 
-0.616481, 0.503472, 
-0.650678, 0.483827, 
-0.683892, 0.463423, 
-0.71607, 0.442241, 
-0.747158, 0.420264, 
-0.777107, 0.39748, 
-0.80587, 0.373884, 
-0.833403, 0.349474, 
-0.859665, 0.324257, 
-0.884616, 0.298244, 
-0.908222, 0.271452, 
-0.930451, 0.243906, 
-0.951276, 0.215636, 
-0.97067, 0.186678, 
-0.988613, 0.157075, 
-1.00509, 0.126876, 
-1.02008, 0.0961349, 
-1.03358, 0.0649128, 
-1.04557, 0.0332747, 
-1.05607, 0.00129112, 
-1.06506, -0.0309633, 
-1.07256, -0.0634096, 
-1.07856, -0.0959655, 
-1.08308, -0.128546, 
-1.08614, -0.161063, 
-1.08774, -0.193427, 
-1.08791, -0.225548, 
-1.08668, -0.257335, 
-1.08406, -0.288698, 
-1.08008, -0.319547, 
-1.07476, -0.349794, 
-1.06815, -0.379353, 
-1.06027, -0.408142, 
-1.05115, -0.436083, 
-1.04083, -0.463099, 
-1.02934, -0.489123, 
-1.01671, -0.514088, 
-1.00298, -0.537938, 
-0.988178, -0.56062, 
-0.972345, -0.582089, 
-0.955512, -0.602306, 
-0.937711, -0.62124, 
-0.918973, -0.638867, 
-0.899331, -0.65517, 
-0.878813, -0.670141, 
-0.857449, -0.683777, 
-0.835266, -0.696083, 
-0.812292, -0.707071, 
-0.788552, -0.716759, 
-0.764071, -0.725169, 
-0.738873, -0.732333, 
-0.712983, -0.738283, 
-0.686422, -0.743058, 
-0.659213, -0.7467, 
-0.631378, -0.749255, 
-0.602941, -0.75077, 
-0.573922, -0.751294, 
-0.544345, -0.750877, 
-0.514232, -0.74957, 
-0.483608, -0.747423, 
-0.452496, -0.744487, 
-0.420923, -0.74081, 
-0.388915, -0.736437, 
-0.3565, -0.731414, 
-0.323707, -0.725781, 
-0.290566, -0.719578, 
-0.257109, -0.712838, 
-0.22337, -0.705595, 
-0.189384, -0.697875, 
-0.155188, -0.689702, 
-0.120819, -0.681096, 
-0.0863165, -0.672074, 
-0.0517224, -0.662647, 
-0.0170785, -0.652825, 
0.0175716, -0.642611, 
0.0521832, -0.632007, 
0.0867103, -0.621012, 
0.121106, -0.609621, 
0.155324, -0.597826, 
0.189315, -0.585619, 
0.223031, -0.572987, 
0.256422, -0.559917, 
0.28944, -0.546395, 
0.322036, -0.532407, 
0.35416, -0.517935, 
0.385764, -0.502966, 
0.4168, -0.487483, 
0.44722, -0.471472, 
0.476979, -0.454919, 
0.506029, -0.437814, 
0.534328, -0.420144, 
0.561831, -0.401903, 
0.588498, -0.383085, 
0.614287, -0.363687, 
0.639162, -0.34371, 
0.663086, -0.323155, 
0.686023, -0.302031, 
0.707943, -0.280347, 
0.728815, -0.258118, 
0.748611, -0.23536, 
0.767306, -0.212096, 
0.784877, -0.18835, 
0.801303, -0.164153, 
0.816567, -0.139536, 
0.830653, -0.114536, 
0.843549, -0.089194, 
0.855244, -0.0635528, 
0.865731, -0.037659, 
0.875006, -0.0115624, 
0.883064, 0.0146848, 
0.889908, 0.0410279, 
0.895538, 0.0674102, 
0.89996, 0.0937732, 
0.90318, 0.120057, 
0.905209, 0.146201, 
0.906057, 0.172143, 
0.905737, 0.197822, 
0.904264, 0.223177, 
0.901656, 0.248147, 
0.897929, 0.272672, 
0.893104, 0.296693, 
0.887201, 0.320155, 
0.880243, 0.343003, 
0.872251, 0.365186, 
0.863249, 0.386655, 
0.853261, 0.407365, 
0.842312, 0.427274, 
0.830428, 0.446345, 
0.817632, 0.464543, 
0.80395, 0.481839, 
0.789408, 0.498206, 
0.774031, 0.513625, 
0.757844, 0.528079, 
0.740871, 0.541556, 
0.723139, 0.554047, 
0.70467, 0.56555, 
0.68549, 0.576065, 
0.665622, 0.585596, 
0.64509, 0.594153, 
0.623917, 0.601747, 
0.602127, 0.608394, 
0.579743, 0.614111, 
0.556788, 0.618918, 
0.533286, 0.62284, 
0.509259, 0.625901, 
0.484731, 0.628126, 
0.459726, 0.629544, 
0.434268, 0.630183, 
0.408381, 0.630071, 
0.38209, 0.629236, 
0.355421, 0.627708, 
0.328401, 0.625515, 
0.301055, 0.622683, 
0.273412, 0.619238, 
0.2455, 0.615206, 
0.217349, 0.610609, 
0.188988, 0.605469, 
0.160448, 0.599805, 
0.131762, 0.593637, 
0.102962, 0.586979, 
0.0740812, 0.579845, 
0.0451542, 0.572248, 
0.0162159, 0.564198, 
-0.012698, 0.555701, 
-0.041551, 0.546766, 
-0.0703064, 0.537395, 
-0.0989268, 0.527593, 
-0.127374, 0.517361, 
-0.155611, 0.506698, 
-0.183599, 0.495604, 
-0.211299, 0.484078, 
-0.238673, 0.472117, 
-0.265684, 0.459718, 
-0.292292, 0.446879, 
-0.318461, 0.433595, 
-0.344153, 0.419866, 
-0.369331, 0.405688, 
-0.39396, 0.391059, 
-0.418005, 0.37598, 
-0.44143, 0.36045, 
-0.464204, 0.344471, 
-0.486294, 0.328047, 
-0.507668, 0.311182, 
-0.528298, 0.293884, 
-0.548154, 0.27616, 
-0.567211, 0.258021, 
-0.585443, 0.239481, 
-0.602827, 0.220554, 
-0.61934, 0.201258, 
-0.634962, 0.181612, 
-0.649675, 0.161638, 
-0.663462, 0.141361, 
-0.676309, 0.120806, 
-0.688202, 0.100004, 
-0.699131, 0.0789832, 
-0.709086, 0.0577782, 
-0.718061, 0.0364231, 
-0.726048, 0.0149545, 
-0.733046, -0.0065898, 
-0.739053, -0.0281703, 
-0.744068, -0.0497464, 
-0.748092, -0.0712766, 
-0.751131, -0.0927187, 
-0.753188, -0.11403, 
-0.75427, -0.135167, 
-0.754386, -0.156086, 
-0.753544, -0.176746, 
-0.751756, -0.197102, 
-0.749034, -0.217115, 
-0.74539, -0.236743, 
-0.740839, -0.255945, 
-0.735396, -0.274686, 
-0.729078, -0.292927, 
-0.721901, -0.310634, 
-0.713882, -0.327775, 
-0.705039, -0.34432, 
-0.695393, -0.36024, 
-0.684961, -0.37551, 
-0.673762, -0.390107, 
-0.661818, -0.404012, 
-0.649148, -0.417206, 
-0.635773, -0.429674, 
-0.621712, -0.441406, 
-0.606987, -0.452392, 
-0.591619, -0.462624, 
-0.575629, -0.472101, 
-0.559036, -0.480819, 
-0.541864, -0.488781, 
-0.524132, -0.49599, 
-0.505863, -0.502451, 
-0.487077, -0.508173, 
-0.467797, -0.513163, 
-0.448043, -0.517434, 
-0.427839, -0.520997, 
-0.407206, -0.523867, 
-0.386166, -0.526057, 
-0.364744, -0.527584, 
-0.34296, -0.528462, 
-0.32084, -0.528709, 
-0.298407, -0.528341, 
-0.275685, -0.527375, 
-0.252699, -0.525827, 
-0.229474, -0.523713, 
-0.206036, -0.521049, 
-0.182411, -0.51785, 
-0.158626, -0.514131, 
-0.134707, -0.509905, 
-0.110683, -0.505185, 
-0.0865803, -0.499984, 
-0.062429, -0.494313, 
-0.0382573, -0.488181, 
-0.0140948, -0.481599, 
0.0100291, -0.474573, 
0.0340843, -0.467113, 
0.0580406, -0.459224, 
0.0818676, -0.450913, 
0.105535, -0.442185, 
0.129012, -0.433044, 
0.152267, -0.423495, 
0.175271, -0.413541, 
0.197993, -0.403187, 
0.220402, -0.392434, 
0.242468, -0.381287, 
0.264163, -0.36975, 
0.285456, -0.357825, 
0.306319, -0.345517, 
0.326723, -0.33283, 
0.346642, -0.31977, 
0.366048, -0.306343, 
0.384915, -0.292555, 
0.403218, -0.278413, 
0.420934, -0.263927, 
0.438038, -0.249106, 
0.454508, -0.233962, 
0.470325, -0.218506, 
0.485467, -0.202753, 
0.499915, -0.186716, 
0.513654, -0.170413, 
0.526665, -0.153862, 
0.538935, -0.137081, 
0.55045, -0.120091, 
0.561198, -0.102913, 
0.571168, -0.0855714, 
0.580351, -0.0680899, 
0.588738, -0.0504942, 
0.596324, -0.0328109, 
0.603103, -0.0150677, 
0.609071, 0.00270696, 
0.614226, 0.0204836, 
0.618567, 0.0382324, 
0.622093, 0.0559228, 
0.624807, 0.0735239, 
0.626712, 0.0910047, 
0.62781, 0.108334, 
0.628107, 0.12548, 
0.62761, 0.142413, 
0.626326, 0.159102, 
0.624262, 0.175516, 
0.621428, 0.191627, 
0.617835, 0.207406, 
0.613493, 0.222825, 
0.608413, 0.237858, 
0.602609, 0.25248, 
0.596093, 0.266667, 
0.58888, 0.280395, 
0.580983, 0.293645, 
0.572417, 0.306397, 
0.563199, 0.318632, 
0.553343, 0.330336, 
0.542865, 0.341494, 
0.531783, 0.352093, 
0.520114, 0.362122, 
0.507874, 0.371574, 
0.495081, 0.380439, 
0.481753, 0.388714, 
0.467908, 0.396395, 
0.453564, 0.403478, 
0.43874, 0.409964, 
0.423455, 0.415853, 
0.407727, 0.421148, 
0.391575, 0.425851, 
0.37502, 0.429968, 
0.358081, 0.433505, 
0.340778, 0.436467, 
0.323132, 0.438862, 
0.305162, 0.440699, 
0.286889, 0.441986, 
0.268335, 0.442733, 
0.249521, 0.442948, 
0.230469, 0.442642, 
0.2112, 0.441825, 
0.191737, 0.440506, 
0.172103, 0.438697, 
0.15232, 0.436406, 
0.132411, 0.433645, 
0.1124, 0.430421, 
0.0923111, 0.426745, 
0.0721675, 0.422626, 
0.0519937, 0.418072, 
0.031814, 0.413093, 
0.0116531, 0.407695, 
-0.00846431, 0.401886, 
-0.0285134, 0.395675, 
-0.0484691, 0.389067, 
-0.0683065, 0.38207, 
-0.0880007, 0.37469, 
-0.107527, 0.366934, 
-0.126859, 0.358808, 
-0.145974, 0.350317, 
-0.164847, 0.341468, 
-0.183452, 0.332267, 
-0.201767, 0.32272, 
-0.219767, 0.312834, 
-0.23743, 0.302614, 
-0.254732, 0.292069, 
-0.27165, 0.281204, 
-0.288164, 0.270029, 
-0.304251, 0.258551, 
-0.319892, 0.246778, 
-0.335065, 0.234721, 
-0.349753, 0.222389, 
-0.363936, 0.209794, 
-0.377598, 0.196946, 
-0.39072, 0.183859, 
-0.403288, 0.170545, 
-0.415286, 0.157018, 
-0.426701, 0.143293, 
-0.437519, 0.129387, 
-0.447729, 0.115315, 
-0.457319, 0.101094, 
-0.466279, 0.0867438, 
-0.474602, 0.0722823, 
-0.482278, 0.0577294, 
-0.489301, 0.0431053, 
-0.495665, 0.0284311, 
-0.501366, 0.0137282, 
-0.5064, -0.000981297, 
-0.510765, -0.015675, 
-0.514458, -0.0303302, 
-0.51748, -0.0449238, 
-0.519831, -0.0594326, 
-0.521512, -0.0738334, 
-0.522525, -0.0881028, 
-0.522875, -0.102218, 
-0.522565, -0.116156, 
-0.5216, -0.129893, 
-0.519986, -0.143409, 
-0.517729, -0.15668, 
-0.514838, -0.169686, 
-0.51132, -0.182407, 
-0.507185, -0.194822, 
-0.502441, -0.206913, 
-0.497098, -0.218662, 
-0.491168, -0.230051, 
-0.484662, -0.241065, 
-0.477591, -0.251688, 
-0.469968, -0.261906, 
-0.461806, -0.271707, 
-0.453117, -0.28108, 
-0.443915, -0.290013, 
-0.434214, -0.298497, 
-0.424029, -0.306525, 
-0.413374, -0.314089, 
-0.402264, -0.321184, 
-0.390714, -0.327805, 
-0.378741, -0.333949, 
-0.366359, -0.339613, 
-0.353586, -0.344795, 
-0.340437, -0.349496, 
-0.326929, -0.353715, 
-0.31308, -0.357454, 
-0.298906, -0.360715, 
-0.284426, -0.363502, 
-0.269655, -0.365817, 
-0.254614, -0.367664, 
-0.239319, -0.369049, 
-0.22379, -0.369975, 
-0.208044, -0.37045, 
-0.192102, -0.370479, 
-0.175981, -0.370067, 
-0.159701, -0.369221, 
-0.143283, -0.367949, 
-0.126744, -0.366255, 
-0.110106, -0.364148, 
-0.0933884, -0.361635, 
-0.0766112, -0.358721, 
-0.059795, -0.355414, 
-0.04296, -0.35172, 
-0.026127, -0.347647, 
-0.00931646, -0.343201, 
0.00745089, -0.33839, 
0.0241544, -0.333218, 
0.0407733, -0.327694, 
0.057287, -0.321824, 
0.073675, -0.315614, 
0.0899167, -0.309072, 
0.105992, -0.302203, 
0.12188, -0.295014, 
0.137562, -0.287513, 
0.153017, -0.279706, 
0.168226, -0.2716, 
0.183169, -0.263202, 
0.197829, -0.254521, 
0.212187, -0.245564, 
0.226224, -0.236339, 
0.239923, -0.226854, 
0.253267, -0.217119, 
0.26624, -0.207142, 
0.278825, -0.196934, 
0.291007, -0.186504, 
0.302771, -0.175862, 
0.314104, -0.165021, 
0.324991, -0.153992, 
0.33542, -0.142786, 
0.34538, -0.131417, 
0.354857, -0.119897, 
0.363843, -0.10824, 
0.372328, -0.0964607, 
0.380301, -0.0845734, 
0.387756, -0.0725934, 
0.394685, -0.0605361, 
0.401081, -0.0484177, 
0.406939, -0.0362545, 
0.412253, -0.0240632, 
0.41702, -0.0118611, 
0.421237, 0.000334773, 
0.4249, 0.0125067, 
0.428009, 0.024637, 
0.430563, 0.036708, 
0.43256, 0.0487016, 
0.434004, 0.0606002, 
0.434893, 0.072386, 
0.435232, 0.0840412, 
0.435023, 0.0955484, 
0.434269, 0.10689, 
0.432974, 0.11805, 
0.431145, 0.129012, 
0.428786, 0.139759, 
0.425904, 0.150275, 
0.422505, 0.160546, 
0.418597, 0.170557, 
0.414187, 0.180294, 
0.409286, 0.189744, 
0.4039, 0.198894, 
0.39804, 0.207733, 
0.391716, 0.216249, 
0.384937, 0.224432, 
0.377716, 0.232273, 
0.370062, 0.239763, 
0.361988, 0.246894, 
0.353505, 0.253659, 
0.344626, 0.260052, 
0.335362, 0.266067, 
0.325728, 0.2717, 
0.315737, 0.276947, 
0.305401, 0.281804, 
0.294735, 0.28627, 
0.283752, 0.290343, 
0.272468, 0.294021, 
0.260896, 0.297305, 
0.249051, 0.300195, 
0.236948, 0.302691, 
0.224603, 0.304795, 
0.212031, 0.306509, 
0.199248, 0.307835, 
0.18627, 0.308776, 
0.173112, 0.309335, 
0.15979, 0.309516, 
0.146322, 0.309323, 
0.132724, 0.308759, 
0.119011, 0.30783, 
0.105202, 0.306539, 
0.0913134, 0.304891, 
0.0773615, 0.302892, 
0.0633637, 0.300547, 
0.0493373, 0.29786, 
0.0352995, 0.294838, 
0.0212674, 0.291486, 
0.00725839, 0.287809, 
-0.0067103, 0.283814, 
-0.0206215, 0.279506, 
-0.0344579, 0.27489, 
-0.0482025, 0.269974, 
-0.0618382, 0.264763, 
-0.0753483, 0.259263, 
-0.0887159, 0.253481, 
-0.101924, 0.247424, 
-0.114958, 0.241098, 
-0.127799, 0.234509, 
-0.140434, 0.227666, 
-0.152845, 0.220575, 
-0.165018, 0.213244, 
-0.176937, 0.20568, 
-0.188589, 0.197892, 
-0.199959, 0.189887, 
-0.211032, 0.181675, 
-0.221797, 0.173264, 
-0.232239, 0.164662, 
-0.242346, 0.155881, 
-0.252107, 0.146928, 
-0.261509, 0.137816, 
-0.270543, 0.128553, 
-0.279197, 0.11915, 
-0.287462, 0.10962, 
-0.295329, 0.0999724, 
-0.302789, 0.0902199, 
-0.309834, 0.0803744, 
-0.316456, 0.0704482, 
-0.32265, 0.060454, 
-0.328409, 0.0504048, 
-0.333728, 0.0403135, 
-0.338601, 0.0301937, 
-0.343025, 0.0200589, 
-0.346996, 0.00992272, 
-0.350512, -0.000200918, 
-0.35357, -0.0102981, 
-0.356168, -0.0203548, 
-0.358306, -0.030357, 
-0.359984, -0.0402906, 
-0.361201, -0.0501418, 
-0.36196, -0.0598967, 
-0.36226, -0.0695414, 
-0.362105, -0.0790624, 
-0.361497, -0.0884464, 
-0.360439, -0.0976802, 
-0.358936, -0.106751, 
-0.356992, -0.115646, 
-0.354611, -0.124354, 
-0.351798, -0.132862, 
-0.348561, -0.141159, 
-0.344905, -0.149234, 
-0.340836, -0.157077, 
-0.336363, -0.164678, 
-0.331493, -0.172027, 
-0.326234, -0.179115, 
-0.320594, -0.185935, 
-0.314583, -0.192478, 
-0.308209, -0.198737, 
-0.301482, -0.204706, 
-0.294412, -0.210378, 
-0.28701, -0.215748, 
-0.279285, -0.220812, 
-0.271249, -0.225564, 
-0.262912, -0.230001, 
-0.254287, -0.23412, 
-0.245385, -0.237918, 
-0.236217, -0.241393, 
-0.226796, -0.244544, 
-0.217134, -0.24737, 
-0.207244, -0.249869, 
-0.197139, -0.252042, 
-0.186831, -0.25389, 
-0.176333, -0.255412, 
-0.16566, -0.256609, 
-0.154824, -0.257485, 
-0.14384, -0.258039, 
-0.13272, -0.258275, 
-0.121479, -0.258194, 
-0.110131, -0.2578, 
-0.0986896, -0.257096, 
-0.0871697, -0.256085, 
-0.0755851, -0.254769, 
-0.0639504, -0.253155, 
-0.0522799, -0.251244, 
-0.040588, -0.249041, 
-0.0288892, -0.246551, 
-0.0171979, -0.243778, 
-0.00552862, -0.240727, 
0.00610431, -0.237403, 
0.0176865, -0.23381, 
0.0292038, -0.229954, 
0.0406418, -0.22584, 
0.0519866, -0.221474, 
0.0632241, -0.216861, 
0.0743407, -0.212008, 
0.0853225, -0.206919, 
0.0961562, -0.201602, 
0.106828, -0.196062, 
0.117326, -0.190307, 
0.127637, -0.184343, 
0.137748, -0.178176, 
0.147647, -0.171814, 
0.157321, -0.165265, 
0.166761, -0.158535, 
0.175953, -0.151634, 
0.184888, -0.144567, 
0.193555, -0.137345, 
0.201943, -0.129975, 
0.210043, -0.122466, 
0.217845, -0.114827, 
0.225342, -0.107067, 
0.232523, -0.0991951, 
0.239381, -0.0912215, 
0.24591, -0.0831557, 
0.2521, -0.0750078, 
0.257948, -0.0667879, 
0.263445, -0.0585064, 
0.268587, -0.0501738, 
0.273368, -0.0418009, 
0.277784, -0.0333985, 
0.281832, -0.0249776, 
0.285507, -0.0165492, 
0.288807, -0.00812438, 
0.291729, 0.000285552, 
0.294272, 0.00866941, 
0.296433, 0.017016, 
0.298213, 0.025314, 
0.29961, 0.0335524, 
0.300626, 0.0417199, 
0.301259, 0.0498056, 
0.301513, 0.0577986, 
0.301387, 0.0656881, 
0.300885, 0.0734636, 
0.300009, 0.0811147, 
0.298762, 0.0886311, 
0.297148, 0.0960031, 
0.295169, 0.103221, 
0.292831, 0.110275, 
0.290139, 0.117157, 
0.287097, 0.123858, 
0.283711, 0.130369, 
0.279987, 0.136682, 
0.275932, 0.14279, 
0.271551, 0.148686, 
0.266852, 0.154363, 
0.261842, 0.159814, 
0.25653, 0.165033, 
0.250922, 0.170016, 
0.245027, 0.174755, 
0.238853, 0.179248, 
0.23241, 0.18349, 
0.225707, 0.187477, 
0.218752, 0.191205, 
0.211556, 0.194672, 
0.204128, 0.197875, 
0.196478, 0.200812, 
0.188617, 0.203481, 
0.180554, 0.20588, 
0.172301, 0.20801, 
0.163868, 0.209868, 
0.155267, 0.211456, 
0.146508, 0.212772, 
0.137602, 0.213818, 
0.128562, 0.214594, 
0.119398, 0.215102, 
0.110123, 0.215342, 
0.100747, 0.215317, 
0.0912834, 0.215027, 
0.0817433, 0.214476, 
0.0721388, 0.213666, 
0.062482, 0.212599, 
0.0527849, 0.211278, 
0.0430596, 0.209707, 
0.0333182, 0.207889, 
0.0235728, 0.205826, 
0.0138355, 0.203524, 
0.00411826, 0.200986, 
-0.00556685, 0.198215, 
-0.0152079, 0.195217, 
-0.024793, 0.191995, 
-0.0343104, 0.188554, 
-0.0437483, 0.1849, 
-0.0530953, 0.181036, 
-0.06234, 0.176969, 
-0.0714709, 0.172703, 
-0.0804771, 0.168244, 
-0.0893475, 0.163597, 
-0.0980715, 0.158769, 
-0.106639, 0.153766, 
-0.115038, 0.148593, 
-0.123261, 0.143257, 
-0.131296, 0.137764, 
-0.139135, 0.132121, 
-0.146768, 0.126336, 
-0.154186, 0.120414, 
-0.16138, 0.114364, 
-0.168343, 0.108192, 
-0.175066, 0.101907, 
-0.181541, 0.0955155, 
-0.187762, 0.0890259, 
-0.193722, 0.0824462, 
-0.199413, 0.0757845, 
-0.20483, 0.0690492, 
-0.209966, 0.0622487, 
-0.214818, 0.0553917, 
-0.219379, 0.0484868, 
-0.223645, 0.0415427, 
-0.227611, 0.0345685, 
-0.231275, 0.027573, 
-0.234633, 0.0205653, 
-0.237682, 0.0135544, 
-0.24042, 0.0065495, 
-0.242843, -0.00044032, 
-0.244952, -0.00740594, 
-0.246744, -0.0143382, 
-0.248219, -0.0212282, 
-0.249377, -0.0280667, 
-0.250217, -0.0348449, 
-0.25074, -0.0415539, 
-0.250946, -0.0481849, 
-0.250838, -0.0547294, 
-0.250417, -0.0611788, 
-0.249684, -0.0675249, 
-0.248643, -0.0737594, 
-0.247295, -0.0798744, 
-0.245645, -0.0858623, 
-0.243695, -0.0917154, 
-0.241449, -0.0974265, 
-0.238913, -0.102989, 
-0.236089, -0.108395, 
-0.232984, -0.113639, 
-0.229602, -0.118715, 
-0.225949, -0.123616, 
-0.22203, -0.128337, 
-0.217852, -0.132874, 
-0.213421, -0.13722, 
-0.208744, -0.141371, 
-0.203827, -0.145323, 
-0.198677, -0.149072, 
-0.193303, -0.152614, 
-0.187711, -0.155947, 
-0.181909, -0.159066, 
-0.175906, -0.161969, 
-0.169709, -0.164655, 
-0.163328, -0.16712, 
-0.15677, -0.169364, 
-0.150044, -0.171384, 
-0.14316, -0.173181, 
-0.136126, -0.174752, 
-0.128952, -0.176098, 
-0.121647, -0.177218, 
-0.11422, -0.178112, 
-0.106681, -0.178782, 
-0.0990405, -0.179226, 
-0.0913071, -0.179447, 
-0.0834911, -0.179445, 
-0.0756025, -0.179223, 
-0.0676511, -0.17878, 
-0.0596472, -0.17812, 
-0.0516006, -0.177243, 
-0.0435216, -0.176154, 
-0.0354203, -0.174853, 
-0.0273066, -0.173344, 
-0.0191909, -0.17163, 
-0.0110831, -0.169713, 
-0.00299326, -0.167597, 
0.00506856, -0.165285, 
0.0130924, -0.162781, 
0.0210685, -0.160089, 
0.028987, -0.157212, 
0.0368381, -0.154155, 
0.0446124, -0.150922, 
0.0523003, -0.147518, 
0.0598926, -0.143946, 
0.0673799, -0.140213, 
0.0747534, -0.136322, 
0.082004, -0.132279, 
0.0891232, -0.128089, 
0.0961025, -0.123757, 
0.102933, -0.11929, 
0.109608, -0.114692, 
0.116119, -0.109969, 
0.122457, -0.105128, 
0.128617, -0.100174, 
0.134591, -0.0951141, 
0.140371, -0.0899541, 
0.145952, -0.0847006, 
0.151326, -0.0793603, 
0.156489, -0.0739399, 
0.161435, -0.0684461, 
0.166157, -0.062886, 
0.170651, -0.0572665, 
0.174913, -0.0515948, 
0.178937, -0.045878, 
0.18272, -0.0401235, 
0.186258, -0.0343385, 
0.189548, -0.0285305, 
0.192585, -0.0227069, 
0.195369, -0.016875, 
0.197896, -0.0110425, 
0.200164, -0.00521678, 
0.202171, 0.000594685, 
0.203917, 0.00638442, 
0.205399, 0.012145, 
0.206618, 0.017869, 
0.207574, 0.0235491, 
0.208265, 0.0291781, 
0.208692, 0.0347487, 
0.208857, 0.0402538, 
0.20876, 0.0456865, 
0.208402, 0.0510399, 
0.207785, 0.0563072, 
0.206911, 0.0614819, 
0.205783, 0.0665575, 
0.204402, 0.0715277, 
0.202772, 0.0763865, 
0.200896, 0.0811279, 
0.198777, 0.0857463, 
0.19642, 0.090236, 
0.193828, 0.0945919, 
0.191005, 0.0988089, 
0.187956, 0.102882, 
0.184686, 0.106807, 
0.181199, 0.110579, 
0.177502, 0.114194, 
0.173599, 0.117649, 
0.169497, 0.120939, 
0.165201, 0.124062, 
0.160717, 0.127013, 
0.156053, 0.129792, 
0.151213, 0.132394, 
0.146206, 0.134817, 
0.141037, 0.13706, 
0.135715, 0.139121, 
0.130245, 0.140997, 
0.124636, 0.142689, 
0.118895, 0.144194, 
0.11303, 0.145512, 
0.107048, 0.146643, 
0.100958, 0.147586, 
0.0947662, 0.14834, 
0.0884819, 0.148907, 
0.0821129, 0.149286, 
0.0756675, 0.149479, 
0.0691539, 0.149485, 
0.0625804, 0.149306, 
0.0559554, 0.148944, 
0.0492872, 0.148398, 
0.0425844, 0.147673, 
0.0358553, 0.146768, 
0.0291084, 0.145686, 
0.0223522, 0.144429, 
0.015595, 0.143, 
0.00884529, 0.141401, 
0.00211145, 0.139635, 
-0.0045982, 0.137704, 
-0.0112754, 0.135612, 
-0.0179119, 0.133362, 
-0.0244996, 0.130957, 
-0.0310305, 0.128402, 
-0.0374965, 0.125698, 
-0.0438898, 0.122851, 
-0.0502027, 0.119864, 
-0.0564276, 0.116741, 
-0.062557, 0.113486, 
-0.0685836, 0.110105, 
-0.0745001, 0.1066, 
-0.0802996, 0.102978, 
-0.0859752, 0.0992423, 
-0.0915203, 0.0953981, 
-0.0969284, 0.0914505, 
-0.102193, 0.0874044, 
-0.107308, 0.0832652, 
-0.112269, 0.0790381, 
-0.117068, 0.0747285, 
-0.121701, 0.070342, 
-0.126162, 0.0658841, 
-0.130447, 0.0613606, 
-0.134551, 0.0567771, 
-0.13847, 0.0521396, 
-0.142198, 0.0474538, 
-0.145733, 0.0427259, 
-0.149071, 0.0379619, 
-0.152208, 0.0331677, 
-0.155142, 0.0283495, 
-0.157869, 0.0235134, 
-0.160386, 0.0186656, 
-0.162692, 0.0138123, 
-0.164785, 0.00895969, 
-0.166662, 0.00411385, 
-0.168323, -0.000719008, 
-0.169766, -0.00553275, 
-0.170991, -0.0103213, 
-0.171996, -0.0150785, 
-0.172782, -0.0197985, 
-0.173349, -0.0244752, 
-0.173696, -0.0291028, 
-0.173825, -0.0336755, 
-0.173735, -0.0381876, 
-0.173429, -0.0426335, 
-0.172908, -0.0470076, 
-0.172172, -0.0513046, 
-0.171225, -0.0555193, 
-0.170068, -0.0596465, 
-0.168703, -0.0636812, 
-0.167134, -0.0676186, 
-0.165362, -0.0714541, 
-0.163392, -0.075183, 
-0.161226, -0.0788012, 
-0.158868, -0.0823044, 
-0.156322, -0.0856886, 
-0.153592, -0.0889501, 
-0.150682, -0.0920852, 
-0.147596, -0.0950905, 
-0.144339, -0.0979628, 
-0.140916, -0.100699, 
-0.137332, -0.103297, 
-0.133591, -0.105753, 
-0.1297, -0.108065, 
-0.125663, -0.110231, 
-0.121487, -0.112249, 
-0.117176, -0.114118, 
-0.112737, -0.115835, 
-0.108176, -0.117399, 
-0.1035, -0.11881, 
-0.0987131, -0.120066, 
-0.0938233, -0.121166, 
-0.0888367, -0.12211, 
-0.0837598, -0.122897, 
-0.0785994, -0.123528, 
-0.073362, -0.124002, 
-0.0680546, -0.12432, 
-0.0626839, -0.124482, 
-0.0572569, -0.124489, 
-0.0517805, -0.124341, 
-0.0462618, -0.12404, 
-0.0407077, -0.123586, 
-0.0351254, -0.12298, 
-0.0295217, -0.122226, 
-0.0239038, -0.121323, 
-0.0182788, -0.120273, 
-0.0126536, -0.11908, 
-0.00703527, -0.117744, 
-0.00143078, -0.116268, 
0.00415293, -0.114655, 
0.00970898, -0.112907, 
0.0152305, -0.111027, 
0.0207108, -0.109017, 
0.0261432, -0.10688, 
0.031521, -0.10462, 
0.0368377, -0.10224, 
0.042087, -0.0997435, 
0.0472624, -0.0971333, 
0.0523578, -0.0944133, 
0.0573672, -0.0915873, 
0.0622845, -0.088659, 
0.067104, -0.0856324, 
0.07182, -0.0825115, 
0.0764269, -0.0793005, 
0.0809195, -0.0760035, 
0.0852925, -0.072625, 
0.089541, -0.0691692, 
0.09366, -0.0656407, 
0.0976449, -0.0620441, 
0.101491, -0.058384, 
0.105195, -0.0546652, 
0.108751, -0.0508924, 
0.112157, -0.0470704, 
0.115408, -0.0432042, 
0.118502, -0.0392988, 
0.121434, -0.035359, 
0.124202, -0.03139, 
0.126803, -0.0273968, 
0.129235, -0.0233845, 
0.131495, -0.0193582, 
0.13358, -0.015323, 
0.13549, -0.011284, 
0.137223, -0.00724638, 
0.138776, -0.00321518, 
0.140149, 0.00080449, 
0.141341, 0.00480756, 
0.142351, 0.00878901, 
0.143179, 0.0127438, 
0.143825, 0.0166671, 
0.144288, 0.020554, 
0.144568, 0.0243995, 
0.144667, 0.028199, 
0.144584, 0.0319478, 
0.144321, 0.0356413, 
0.143879, 0.0392749, 
0.143259, 0.0428443, 
0.142463, 0.0463451, 
0.141492, 0.0497731, 
0.140348, 0.0531243, 
0.139034, 0.0563947, 
0.137552, 0.0595804, 
0.135904, 0.0626777, 
0.134093, 0.0656831, 
0.132123, 0.0685931, 
0.129997, 0.0714044, 
0.127716, 0.074114, 
0.125287, 0.0767187, 
0.122711, 0.0792158, 
0.119992, 0.0816026, 
0.117136, 0.0838766, 
0.114145, 0.0860354, 
0.111024, 0.0880769, 
0.107778, 0.089999, 
0.104411, 0.0917999, 
0.100927, 0.093478, 
0.0973323, 0.0950316, 
0.093631, 0.0964595, 
0.0898282, 0.0977605, 
0.0859291, 0.0989335, 
0.0819389, 0.0999778, 
0.0778629, 0.100893, 
0.0737066, 0.101678, 
0.0694755, 0.102332, 
0.065175, 0.102856, 
0.0608109, 0.10325, 
0.0563888, 0.103514, 
0.0519144, 0.103647, 
0.0473935, 0.103651, 
0.0428319, 0.103526, 
0.0382354, 0.103272, 
0.03361, 0.102892, 
0.0289614, 0.102385, 
0.0242956, 0.101754, 
0.0196184, 0.100998, 
0.0149357, 0.100121, 
0.0102534, 0.0991227, 
0.00557724, 0.098006, 
0.00091309, 0.0967723, 
-0.00373328, 0.0954238, 
-0.00835615, 0.0939625, 
-0.0129498, 0.0923907, 
-0.0175087, 0.0907109, 
-0.0220272, 0.0889255, 
-0.0264999, 0.0870371, 
-0.0309213, 0.0850484, 
-0.0352861, 0.0829624, 
-0.0395891, 0.0807818, 
-0.043825, 0.0785097, 
-0.047989, 0.0761494, 
-0.052076, 0.0737039, 
-0.0560813, 0.0711766, 
-0.06, 0.068571, 
-0.0638278, 0.0658904, 
-0.0675601, 0.0631386, 
-0.0711926, 0.060319, 
-0.0747212, 0.0574355, 
-0.0781419, 0.0544918, 
-0.0814508, 0.0514918, 
-0.0846442, 0.0484393, 
-0.0877186, 0.0453384, 
-0.0906706, 0.042193, 
-0.0934971, 0.0390072, 
-0.0961948, 0.0357852, 
-0.0987611, 0.032531, 
-0.101193, 0.0292489, 
-0.103489, 0.0259429, 
-0.105645, 0.0226175, 
-0.107661, 0.0192767, 
-0.109533, 0.0159248, 
-0.11126, 0.012566, 
-0.112842, 0.00920474, 
-0.114275, 0.0058451, 
-0.11556, 0.00249134, 
-0.116694, -0.000852326, 
-0.117678, -0.0041817, 
-0.118511, -0.00749264, 
-0.119192, -0.010781, 
-0.119722, -0.0140427, 
-0.120099, -0.0172738, 
-0.120325, -0.0204702, 
-0.120399, -0.023628, 
-0.120323, -0.0267434, 
-0.120096, -0.0298125, 
-0.119721, -0.0328317, 
-0.119197, -0.0357973, 
-0.118527, -0.0387058, 
-0.117711, -0.0415537, 
-0.116752, -0.0443376, 
-0.115651, -0.0470542, 
-0.11441, -0.0497005, 
-0.113032, -0.0522733, 
-0.111518, -0.0547697, 
-0.109871, -0.0571868, 
-0.108094, -0.0595219, 
-0.10619, -0.0617725, 
-0.104161, -0.0639361, 
-0.10201, -0.0660102, 
-0.0997408, -0.0679927, 
-0.0973566, -0.0698815, 
-0.0948609, -0.0716747, 
-0.0922572, -0.0733704, 
-0.0895492, -0.0749668, 
-0.0867406, -0.0764626, 
-0.0838355, -0.0778562, 
-0.0808377, -0.0791465, 
-0.0777515, -0.0803321, 
-0.074581, -0.0814123, 
-0.0713306, -0.082386, 
-0.0680045, -0.0832526, 
-0.0646073, -0.0840115, 
-0.0611434, -0.0846622, 
-0.0576175, -0.0852045, 
-0.0540342, -0.0856381, 
-0.0503981, -0.0859631, 
-0.0467141, -0.0861796, 
-0.0429868, -0.0862877, 
-0.0392212, -0.0862878, 
-0.035422, -0.0861805, 
-0.0315941, -0.0859664, 
-0.0277424, -0.0856461, 
-0.0238719, -0.0852206, 
-0.0199873, -0.0846909, 
-0.0160936, -0.0840581, 
-0.0121957, -0.0833234, 
-0.00829848, -0.0824881, 
-0.00440677, -0.0815538, 
-0.00052542, -0.080522, 
0.00334077, -0.0793944, 
0.00718703, -0.0781728, 
0.0110086, -0.0768591, 
0.0148009, -0.0754553, 
0.0185592, -0.0739635, 
0.0222791, -0.0723858, 
0.0259559, -0.0707246, 
0.0295853, -0.0689823, 
0.0331629, -0.0671613, 
0.0366844, -0.0652641, 
0.0401457, -0.0632935, 
0.0435427, -0.061252, 
0.0468714, -0.0591426, 
0.0501278, -0.0569681, 
0.0533083, -0.0547313, 
0.056409, -0.0524354, 
0.0594266, -0.0500833, 
0.0623574, -0.0476782, 
0.0651983, -0.0452233, 
0.0679459, -0.0427218, 
0.0705973, -0.040177, 
0.0731495, -0.0375921, 
0.0755997, -0.0349706, 
0.0779453, -0.0323158, 
0.0801838, -0.0296312, 
0.0823127, -0.0269203, 
0.0843299, -0.0241864, 
0.0862333, -0.0214332, 
0.088021, -0.0186641, 
0.0896912, -0.0158826, 
0.0912424, -0.0130924, 
0.092673, -0.0102968, 
0.0939818, -0.00749947, 
0.0951677, -0.0047039, 
0.0962297, -0.00191359, 
0.097167, 0.000867953, 
0.0979789, 0.00363727, 
0.0986649, 0.00639092, 
0.0992248, 0.0091255, 
0.0996583, 0.0118376, 
0.0999654, 0.0145239, 
0.100146, 0.0171812, 
0.100201, 0.0198061, 
0.100131, 0.0223955, 
0.0999357, 0.0249463, 
0.0996164, 0.0274553, 
0.099174, 0.0299197, 
0.0986096, 0.0323364, 
0.0979243, 0.0347026, 
0.0971195, 0.0370155, 
0.0961968, 0.0392724, 
0.0951577, 0.0414707, 
0.0940042, 0.0436078, 
0.0927381, 0.0456814, 
0.0913614, 0.047689, 
0.0898764, 0.0496285, 
0.0882853, 0.0514976, 
0.0865906, 0.0532944, 
0.0847948, 0.0550168, 
0.0829006, 0.056663, 
0.0809108, 0.0582313, 
0.0788282, 0.0597201, 
0.0766559, 0.0611278, 
0.0743968, 0.0624531, 
0.0720542, 0.0636946, 
0.0696314, 0.0648511, 
0.0671317, 0.0659216, 
0.0645585, 0.0669051, 
0.0619153, 0.0678009, 
0.0592058, 0.0686081, 
0.0564335, 0.0693261, 
0.0536022, 0.0699546, 
0.0507156, 0.070493, 
0.0477776, 0.0709411, 
0.0447921, 0.0712987, 
0.0417629, 0.0715659, 
0.038694, 0.0717427, 
0.0355893, 0.0718293, 
0.032453, 0.0718259, 
0.0292891, 0.071733, 
0.0261015, 0.0715511, 
0.0228944, 0.0712808, 
0.0196719, 0.0709228, 
0.0164379, 0.070478, 
0.0131967, 0.0699473, 
0.00995228, 0.0693316, 
0.00670868, 0.0686322, 
0.00346998, 0.0678502, 
0.000240187, 0.0669871, 
-0.0029767, 0.0660441, 
-0.00617671, 0.0650227, 
-0.00935592, 0.0639247, 
-0.0125104, 0.0627516, 
-0.0156364, 0.0615052, 
-0.0187301, 0.0601873, 
-0.0217877, 0.0588, 
-0.0248056, 0.0573451, 
-0.0277801, 0.0558247, 
-0.0307077, 0.054241, 
-0.033585, 0.0525962, 
-0.0364085, 0.0508925, 
-0.0391749, 0.0491324, 
-0.041881, 0.0473182, 
-0.0445237, 0.0454523, 
-0.0470999, 0.0435373, 
-0.0496066, 0.0415758, 
-0.052041, 0.0395703, 
-0.0544003, 0.0375236, 
-0.056682, 0.0354383, 
-0.0588834, 0.0333171, 
-0.0610021, 0.0311629, 
-0.0630358, 0.0289785, 
-0.0649823, 0.0267666, 
-0.0668396, 0.0245302, 
-0.0686057, 0.0222721, 
-0.0702787, 0.0199952, 
-0.0718569, 0.0177025, 
-0.0733388, 0.0153969, 
-0.0747229, 0.0130813, 
-0.0760078, 0.0107586, 
-0.0771924, 0.00843178, 
-0.0782756, 0.0061038, 
-0.0792565, 0.00377756, 
-0.0801343, 0.00145597, 
-0.0809082, -0.000858073, 
-0.0815779, -0.00316169, 
-0.0821427, -0.00545203, 
-0.0826026, -0.00772627, 
-0.0829574, -0.0099816, 
-0.083207, -0.0122153, 
-0.0833515, -0.0144245, 
-0.0833914, -0.0166068, 
-0.0833268, -0.0187592, 
-0.0831585, -0.0208794, 
-0.0828869, -0.0229648, 
-0.0825129, -0.0250128, 
-0.0820373, -0.0270211, 
-0.0814613, -0.0289872, 
-0.0807859, -0.0309089, 
-0.0800124, -0.032784, 
-0.0791421, -0.0346102, 
-0.0781766, -0.0363855, 
-0.0771175, -0.0381079, 
-0.0759665, -0.0397754, 
-0.0747253, -0.0413861, 
-0.073396, -0.0429383, 
-0.0719806, -0.0444302, 
-0.0704811, -0.0458603, 
-0.0688998, -0.047227, 
-0.067239, -0.0485289, 
-0.0655012, -0.0497646, 
-0.0636887, -0.0509328, 
-0.0618042, -0.0520324, 
-0.0598504, -0.0530624, 
-0.0578298, -0.0540216, 
-0.0557454, -0.0549093, 
-0.0536001, -0.0557246, 
-0.0513966, -0.0564668, 
-0.0491381, -0.0571353, 
-0.0468275, -0.0577297, 
-0.0444679, -0.0582494, 
-0.0420626, -0.0586942, 
-0.0396146, -0.0590639, 
-0.0371273, -0.0593582, 
-0.0346038, -0.0595772, 
-0.0320475, -0.059721, 
-0.0294616, -0.0597896, 
-0.0268496, -0.0597834, 
-0.0242148, -0.0597026, 
-0.0215606, -0.0595476, 
-0.0188903, -0.0593191, 
-0.0162075, -0.0590175, 
-0.0135153, -0.0586436, 
-0.0108174, -0.0581982, 
-0.00811696, -0.0576821, 
-0.00541748, -0.0570962, 
-0.0027223, -0.0564416, 
-3.47706e-05, -0.0557193, 
0.00264179, -0.0549306, 
0.00530407, -0.0540767, 
0.00794882, -0.0531589, 
0.0105728, -0.0521786, 
0.0131728, -0.0511374, 
0.0157457, -0.0500367, 
0.0182884, -0.0488782, 
0.0207978, -0.0476635, 
0.0232709, -0.0463943, 
0.0257048, -0.0450725, 
0.0280965, -0.0437, 
0.0304434, -0.0422785, 
0.0327425, -0.0408101, 
0.0349914, -0.0392968, 
0.0371872, -0.0377407, 
0.0393275, -0.0361438, 
0.0414099, -0.0345083, 
0.043432, -0.0328363, 
0.0453915, -0.0311302, 
0.0472862, -0.0293922, 
0.049114, -0.0276245, 
0.0508728, -0.0258294, 
0.0525608, -0.0240094, 
0.0541762, -0.0221668, 
0.0557172, -0.0203039, 
0.0571823, -0.0184232, 
0.0585697, -0.0165271, 
0.0598783, -0.014618, 
0.0611066, -0.0126984, 
0.0622535, -0.0107707, 
0.0633178, -0.00883731, 
0.0642986, -0.00690072, 
0.065195, -0.00496334, 
0.0660062, -0.00302761, 
0.0667315, -0.00109596, 
0.0673705, 0.00082922, 
0.0679226, 0.00274554, 
0.0683875, 0.00465062, 
0.0687651, 0.00654212, 
0.0690552, 0.00841773, 
0.0692577, 0.0102751, 
0.0693729, 0.0121121, 
0.069401, 0.0139264, 
0.0693422, 0.0157158, 
0.069197, 0.0174783, 
0.068966, 0.0192116, 
0.0686498, 0.0209137, 
0.0682491, 0.0225827, 
0.0677648, 0.0242165, 
0.0671978, 0.0258133, 
0.0665493, 0.0273712, 
0.0658203, 0.0288883, 
0.0650122, 0.0303631, 
0.0641261, 0.0317937, 
0.0631637, 0.0331786, 
0.0621263, 0.0345162, 
0.0610156, 0.0358051, 
0.0598334, 0.0370439, 
0.0585812, 0.0382311, 
0.0572611, 0.0393656, 
0.055875, 0.0404461, 
0.0544248, 0.0414715, 
0.0529126, 0.0424407, 
0.0513406, 0.0433529, 
0.0497109, 0.044207, 
0.048026, 0.0450023, 
0.0462879, 0.0457381, 
0.0444993, 0.0464135, 
0.0426624, 0.0470282, 
0.0407799, 0.0475815, 
0.0388542, 0.0480731, 
0.0368879, 0.0485026, 
0.0348836, 0.0488697, 
0.032844, 0.0491742, 
0.0307718, 0.0494161, 
0.0286697, 0.0495952, 
0.0265405, 0.0497117, 
0.0243868, 0.0497657, 
0.0222116, 0.0497573, 
0.0200175, 0.0496868, 
0.0178075, 0.0495546, 
0.0155843, 0.0493612, 
0.0133508, 0.049107, 
0.0111098, 0.0487925, 
0.00886408, 0.0484185, 
0.00661654, 0.0479857, 
0.00436997, 0.0474948, 
0.00212716, 0.0469466, 
-0.000109102, 0.0463422, 
-0.00233604, 0.0456825, 
-0.00455092, 0.0449686, 
-0.00675102, 0.0442015, 
-0.00893365, 0.0433824, 
-0.0110962, 0.0425126, 
-0.0132359, 0.0415934, 
-0.0153504, 0.040626, 
-0.0174369, 0.039612, 
-0.0194932, 0.0385527, 
-0.0215166, 0.0374496, 
-0.0235048, 0.0363044, 
-0.0254555, 0.0351186, 
-0.0273663, 0.0338938, 
-0.0292351, 0.0326317, 
-0.0310597, 0.031334, 
-0.032838, 0.0300025, 
-0.0345679, 0.0286391, 
-0.0362475, 0.0272454, 
-0.0378749, 0.0258234, 
-0.0394482, 0.0243749, 
-0.0409658, 0.022902, 
-0.0424259, 0.0214064, 
-0.043827, 0.0198902, 
-0.0451676, 0.0183553, 
-0.0464461, 0.0168037, 
-0.0476614, 0.0152374, 
-0.0488121, 0.0136585, 
-0.049897, 0.0120689, 
-0.0509151, 0.0104708, 
-0.0518654, 0.00886602, 
-0.0527469, 0.00725671, 
-0.0535589, 0.00564489, 
-0.0543006, 0.00403259, 
-0.0549714, 0.00242181, 
-0.0555707, 0.000814573, 
-0.0560981, -0.000787124, 
-0.0565532, -0.0023813, 
-0.0569358, -0.00396598, 
-0.0572456, -0.00553922, 
-0.0574826, -0.0070991, 
-0.0576469, -0.00864372, 
-0.0577384, -0.0101712, 
-0.0577574, -0.0116797, 
-0.0577041, -0.0131674, 
-0.057579, -0.0146325, 
-0.0573825, -0.0160733, 
-0.0571151, -0.017488, 
-0.0567774, -0.0188751, 
-0.0563703, -0.0202328, 
-0.0558943, -0.0215596, 
-0.0553506, -0.022854, 
-0.0547399, -0.0241144, 
-0.0540633, -0.0253395, 
-0.0533221, -0.0265278, 
-0.0525173, -0.027678, 
-0.0516502, -0.0287888, 
-0.0507222, -0.029859, 
-0.0497347, -0.0308874, 
-0.0486891, -0.0318729, 
-0.047587, -0.0328145, 
-0.0464301, -0.0337112, 
-0.0452199, -0.034562, 
-0.0439583, -0.035366, 
-0.0426469, -0.0361225, 
-0.0412877, -0.0368306, 
-0.0398826, -0.0374898, 
-0.0384334, -0.0380994, 
-0.0369422, -0.0386589, 
-0.035411, -0.0391677, 
-0.0338419, -0.0396255, 
-0.032237, -0.0400318, 
-0.0305985, -0.0403865, 
-0.0289284, -0.0406892, 
-0.0272292, -0.0409399, 
-0.0255029, -0.0411383, 
-0.0237519, -0.0412846, 
-0.0219784, -0.0413788, 
-0.0201847, -0.0414208, 
-0.0183733, -0.041411, 
-0.0165463, -0.0413495, 
-0.0147062, -0.0412367, 
-0.0128552, -0.0410728, 
-0.0109959, -0.0408584, 
-0.00913043, -0.0405939, 
-0.00726123, -0.0402798, 
-0.00539066, -0.0399167, 
-0.00352104, -0.0395053, 
-0.0016547, -0.0390463, 
0.000206026, -0.0385405, 
0.00205885, -0.0379887, 
0.00390148, -0.0373918, 
0.00573167, -0.0367506, 
0.00754717, -0.0360662, 
0.00934579, -0.0353397, 
0.0111253, -0.034572, 
0.0128837, -0.0337644, 
0.0146187, -0.032918, 
0.0163283, -0.0320339, 
0.0180104, -0.0311135, 
0.0196632, -0.030158, 
0.0212846, -0.0291689, 
0.0228727, -0.0281473, 
0.0244257, -0.0270948, 
0.0259418, -0.0260128, 
0.0274192, -0.0249028, 
0.0288563, -0.0237662, 
0.0302514, -0.0226046, 
0.031603, -0.0214195, 
0.0329095, -0.0202125, 
0.0341695, -0.0189853, 
0.0353817, -0.0177393, 
0.0365446, -0.0164762, 
0.037657, -0.0151977, 
0.0387179, -0.0139055, 
0.0397259, -0.0126012, 
0.0406802, -0.0112864, 
0.0415797, -0.00996295, 
0.0424235, -0.00863244, 
0.0432109, -0.00729657, 
0.043941, -0.00595704, 
0.0446131, -0.00461555, 
0.0452268, -0.00327377, 
0.0457814, -0.00193339, 
0.0462765, -0.000596072, 
0.0467118, 0.000736514, 
0.0470869, 0.00206272, 
0.0474016, 0.00338092, 
0.0476557, 0.00468949, 
0.0478493, 0.00598683, 
0.0479823, 0.00727136, 
0.0480548, 0.00854153, 
0.048067, 0.0097958, 
0.048019, 0.0110327, 
0.0479113, 0.0122507, 
0.0477441, 0.0134483, 
0.047518, 0.0146242, 
0.0472335, 0.015777, 
0.0468911, 0.0169053, 
0.0464916, 0.0180078, 
0.0460356, 0.0190833, 
0.0455241, 0.0201304, 
0.0449577, 0.0211481, 
0.0443375, 0.0221351, 
0.0436646, 0.0230903, 
0.0429398, 0.0240128, 
0.0421644, 0.0249014, 
0.0413395, 0.0257551, 
0.0404664, 0.0265732, 
0.0395464, 0.0273546, 
0.0385807, 0.0280986, 
0.0375709, 0.0288044, 
0.0365183, 0.0294713, 
0.0354244, 0.0300986, 
0.0342908, 0.0306856, 
0.033119, 0.0312319, 
0.0319107, 0.0317369, 
0.0306675, 0.0322001, 
0.0293911, 0.0326212, 
0.0280833, 0.0329998, 
0.0267458, 0.0333355, 
0.0253804, 0.0336283, 
0.0239889, 0.0338778, 
0.0225732, 0.0340839, 
0.0211351, 0.0342467, 
0.0196766, 0.034366, 
0.0181995, 0.0344418, 
0.0167057, 0.0344744, 
0.0151972, 0.0344638, 
0.0136759, 0.0344101, 
0.0121438, 0.0343138, 
0.0106029, 0.034175, 
0.00905501, 0.0339941, 
0.00750221, 0.0337715, 
0.00594642, 0.0335076, 
0.00438961, 0.033203, 
0.00283372, 0.0328583, 
0.00128069, 0.0324739, 
-0.000267549, 0.0320506, 
-0.00180909, 0.031589, 
-0.00334202, 0.0310899, 
-0.00486448, 0.030554, 
-0.00637459, 0.0299823, 
-0.00787053, 0.0293754, 
-0.00935048, 0.0287344, 
-0.0108127, 0.0280601, 
-0.0122553, 0.0273536, 
-0.0136767, 0.0266158, 
-0.0150752, 0.0258479, 
-0.0164491, 0.0250508, 
-0.0177967, 0.0242257, 
-0.0191166, 0.0233738, 
-0.0204072, 0.0224962, 
-0.021667, 0.0215941, 
-0.0228945, 0.0206687, 
-0.0240883, 0.0197213, 
-0.0252471, 0.0187532, 
-0.0263697, 0.0177656, 
-0.0274546, 0.0167599, 
-0.0285008, 0.0157374, 
-0.029507, 0.0146994, 
-0.0304722, 0.0136473, 
-0.0313954, 0.0125824, 
-0.0322755, 0.0115062, 
-0.0331117, 0.0104201, 
-0.0339031, 0.00932535, 
-0.0346488, 0.00822345, 
-0.0353482, 0.00711579, 
-0.0360005, 0.00600378, 
-0.0366052, 0.00488882, 
-0.0371616, 0.00377232, 
-0.0376693, 0.00265568, 
-0.0381278, 0.0015403, 
-0.0385368, 0.00042757, 
-0.0388959, -0.00068113, 
-0.039205, -0.00178443, 
-0.0394638, -0.00288097, 
-0.0396723, -0.00396941, 
-0.0398303, -0.00504842, 
-0.0399379, -0.00611668, 
-0.0399951, -0.00717291, 
-0.0400022, -0.00821583, 
-0.0399592, -0.00924419, 
-0.0398665, -0.0102568, 
-0.0397244, -0.0112523, 
-0.0395332, -0.0122298, 
-0.0392935, -0.0131879, 
-0.0390056, -0.0141255, 
-0.0386702, -0.0150417, 
-0.0382879, -0.0159352, 
-0.0378593, -0.0168052, 
-0.0373852, -0.0176506, 
-0.0368664, -0.0184704, 
-0.0363036, -0.0192637, 
-0.0356978, -0.0200297, 
-0.0350499, -0.0207674, 
-0.0343609, -0.0214762, 
-0.0336318, -0.0221552, 
-0.0328638, -0.0228037, 
-0.0320578, -0.023421, 
-0.0312151, -0.0240065, 
-0.0303369, -0.0245595, 
-0.0294244, -0.0250796, 
-0.028479, -0.0255662, 
-0.0275018, -0.0260188, 
-0.0264943, -0.0264371, 
-0.0254579, -0.0268205, 
-0.024394, -0.0271689, 
-0.023304, -0.0274819, 
-0.0221893, -0.0277593, 
-0.0210515, -0.0280008, 
-0.0198922, -0.0282064, 
-0.0187127, -0.0283758, 
-0.0175148, -0.0285092, 
-0.0162998, -0.0286063, 
-0.0150696, -0.0286674, 
-0.0138256, -0.0286924, 
-0.0125694, -0.0286814, 
-0.0113027, -0.0286347, 
-0.0100271, -0.0285524, 
-0.0087442, -0.0284347, 
-0.00745568, -0.0282821, 
-0.00616315, -0.0280948, 
-0.00486824, -0.0278732, 
-0.00357258, -0.0276176, 
-0.00227779, -0.0273287, 
-0.000985485, -0.0270068, 
0.000302733, -0.0266525, 
0.00158527, -0.0262664, 
0.00286055, -0.0258491, 
0.004127, -0.0254013, 
0.00538309, -0.0249236, 
0.00662728, -0.0244167, 
0.00785807, -0.0238814, 
0.00907398, -0.0233185, 
0.0102735, -0.0227288, 
0.0114553, -0.0221132, 
0.0126179, -0.0214725, 
0.01376, -0.0208076, 
0.0148802, -0.0201194, 
0.0159771, -0.019409, 
0.0170496, -0.0186772, 
0.0180964, -0.0179251, 
0.0191162, -0.0171538, 
0.020108, -0.0163641, 
0.0210706, -0.0155573, 
0.0220028, -0.0147343, 
0.0229037, -0.0138964, 
0.0237724, -0.0130445, 
0.0246077, -0.0121798, 
0.0254088, -0.0113034, 
0.0261749, -0.0104166, 
0.0269051, -0.00952032, 
0.0275987, -0.00861585, 
0.028255, -0.00770434, 
0.0288732, -0.00678693, 
0.0294528, -0.00586482, 
0.0299933, -0.00493916, 
0.030494, -0.00401112, 
0.0309546, -0.00308189, 
0.0313745, -0.00215262, 
0.0317536, -0.00122447, 
0.0320914, -0.000298609, 
0.0323878, 0.000623825, 
0.0326424, 0.00154169, 
0.0328552, 0.00245385, 
0.0330261, 0.0033592, 
0.033155, 0.00425663, 
0.033242, 0.00514505, 
0.033287, 0.00602339, 
0.0332903, 0.00689058, 
0.033252, 0.00774559, 
0.0331724, 0.0085874, 
0.0330515, 0.00941501, 
0.03289, 0.0102274, 
0.0326879, 0.0110238, 
0.0324459, 0.011803, 
0.0321644, 0.0125643, 
0.0318438, 0.0133067, 
0.0314847, 0.0140295, 
0.0310879, 0.0147317, 
0.0306538, 0.0154126, 
0.0301832, 0.0160715, 
0.0296768, 0.0167075, 
0.0291355, 0.01732, 
0.02856, 0.0179084, 
0.0279512, 0.018472, 
0.02731, 0.0190101, 
0.0266373, 0.0195222, 
0.0259341, 0.0200079, 
0.0252014, 0.0204665, 
0.0244403, 0.0208977, 
0.0236517, 0.021301, 
0.0228369, 0.021676, 
0.0219969, 0.0220223, 
0.0211329, 0.0223397, 
0.020246, 0.0226279, 
0.0193375, 0.0228866, 
0.0184086, 0.0231157, 
0.0174605, 0.0233149, 
0.0164946, 0.0234842, 
0.015512, 0.0236235, 
0.014514, 0.0237327, 
0.0135021, 0.0238117, 
0.0124774, 0.0238607, 
0.0114414, 0.0238797, 
0.0103954, 0.0238688, 
0.00934067, 0.0238281, 
0.00827863, 0.0237579, 
0.00721062, 0.0236582, 
0.006138, 0.0235294, 
0.00506213, 0.0233718, 
0.00398436, 0.0231856, 
0.00290606, 0.0229712, 
0.00182856, 0.0227291, 
0.000753221, 0.0224595, 
-0.000318634, 0.022163, 
-0.00138568, 0.0218401, 
-0.0024466, 0.0214912, 
-0.00350009, 0.0211169, 
-0.00454487, 0.0207178, 
-0.00557968, 0.0202944, 
-0.00660325, 0.0198475, 
-0.00761436, 0.0193776, 
-0.00861179, 0.0188854, 
-0.00959435, 0.0183717, 
-0.0105609, 0.0178372, 
-0.0115102, 0.0172825, 
-0.0124413, 0.0167086, 
-0.013353, 0.0161162, 
-0.0142442, 0.015506, 
-0.015114, 0.0148791, 
-0.0159613, 0.0142361, 
-0.0167852, 0.0135779, 
-0.0175847, 0.0129056, 
-0.018359, 0.0122198, 
-0.0191071, 0.0115216, 
-0.0198283, 0.0108119, 
-0.0205217, 0.0100916, 
-0.0211866, 0.0093617, 
-0.0218224, 0.00862307, 
-0.0224282, 0.00787669, 
-0.0230035, 0.00712354, 
-0.0235477, 0.00636459, 
-0.0240602, 0.0056008, 
-0.0245406, 0.00483316, 
-0.0249883, 0.00406263, 
-0.025403, 0.00329019, 
-0.0257842, 0.00251682, 
-0.0261316, 0.00174348, 
-0.026445, 0.000971138, 
-0.026724, 0.00020076, 
-0.0269684, -0.000566701, 
-0.0271782, -0.0013303, 
-0.0273532, -0.00208909, 
-0.0274932, -0.00284215, 
-0.0275983, -0.00358857, 
-0.0276686, -0.00432742, 
-0.0277039, -0.00505783, 
-0.0277045, -0.00577891, 
-0.0276705, -0.0064898, 
-0.0276021, -0.00718965, 
-0.0274994, -0.00787763, 
-0.0273628, -0.00855294, 
-0.0271926, -0.00921478, 
-0.0269892, -0.00986237, 
-0.0267528, -0.010495, 
-0.026484, -0.0111118, 
-0.0261833, -0.0117123, 
-0.025851, -0.0122956, 
-0.0254879, -0.0128612, 
-0.0250943, -0.0134083, 
-0.0246711, -0.0139365, 
-0.0242188, -0.014445, 
-0.0237381, -0.0149334, 
-0.0232297, -0.0154011, 
-0.0226944, -0.0158477, 
-0.022133, -0.0162726, 
-0.0215462, -0.0166754, 
-0.0209349, -0.0170557, 
-0.0203, -0.0174131, 
-0.0196424, -0.0177473, 
-0.0189629, -0.018058, 
-0.0182626, -0.0183448, 
-0.0175423, -0.0186075, 
-0.016803, -0.0188458, 
-0.0160459, -0.0190597, 
-0.0152718, -0.0192488, 
-0.0144818, -0.0194131, 
-0.0136769, -0.0195525, 
-0.0128583, -0.0196669, 
-0.0120271, -0.0197562, 
-0.0111842, -0.0198205, 
-0.0103308, -0.0198598, 
-0.00946801, -0.0198741, 
-0.00859696, -0.0198635, 
-0.00771876, -0.0198281, 
-0.00683453, -0.0197682, 
-0.00594541, -0.0196838, 
-0.00505252, -0.0195751, 
-0.004157, -0.0194424, 
-0.00325998, -0.019286, 
-0.00236257, -0.0191062, 
-0.00146592, -0.0189032, 
-0.000571119, -0.0186775, 
0.000320706, -0.0184294, 
0.00120846, -0.0181593, 
0.00209104, -0.0178676, 
0.00296738, -0.0175548, 
0.0038364, -0.0172213, 
0.00469705, -0.0168677, 
0.00554829, -0.0164946, 
0.00638908, -0.0161023, 
0.00721844, -0.0156916, 
0.00803536, -0.0152629, 
0.00883887, -0.0148169, 
0.00962803, -0.0143543, 
0.0104019, -0.0138757, 
0.0111596, -0.0133817, 
0.0119003, -0.012873, 
0.012623, -0.0123503, 
0.0133269, -0.0118143, 
0.0140114, -0.0112658, 
0.0146755, -0.0107055, 
0.0153185, -0.0101341, 
0.0159397, -0.00955242, 
0.0165385, -0.00896118, 
0.0171141, -0.00836118, 
0.017666, -0.0077532, 
0.0181935, -0.00713803, 
0.0186961, -0.00651648, 
0.0191733, -0.00588934, 
0.0196246, -0.00525743, 
0.0200495, -0.00462154, 
0.0204476, -0.0039825, 
0.0208185, -0.00334111, 
0.0211619, -0.00269818, 
0.0214774, -0.00205453, 
0.0217648, -0.00141096, 
0.0220238, -0.000768272, 
0.0222542, -0.000127269, 
0.0224558, 0.000511255, 
0.0226286, 0.00114651, 
0.0227724, 0.00177772, 
0.0228872, 0.00240412, 
0.0229729, 0.00302493, 
0.0230295, 0.0036394, 
0.0230571, 0.0042468, 
0.0230558, 0.00484638, 
0.0230257, 0.00543745, 
0.022967, 0.00601928, 
0.0228798, 0.0065912, 
0.0227644, 0.00715252, 
0.022621, 0.00770259, 
0.02245, 0.00824077, 
0.0222516, 0.00876644, 
0.0220262, 0.00927898, 
0.0217743, 0.00977782, 
0.0214962, 0.0102624, 
0.0211924, 0.0107321, 
0.0208633, 0.0111865, 
0.0205096, 0.0116251, 
0.0201316, 0.0120473, 
0.0197301, 0.0124527, 
0.0193056, 0.0128409, 
0.0188588, 0.0132114, 
0.0183902, 0.0135639, 
0.0179005, 0.013898, 
0.0173906, 0.0142133, 
0.016861, 0.0145096, 
0.0163125, 0.0147866, 
0.0157459, 0.0150439, 
0.015162, 0.0152813, 
0.0145615, 0.0154987, 
0.0139453, 0.0156959, 
0.0133143, 0.0158726, 
0.0126692, 0.0160287, 
0.0120109, 0.0161642, 
0.0113404, 0.0162789, 
0.0106584, 0.0163729, 
0.00996593, 0.0164459, 
0.00926387, 0.0164982, 
0.00855313, 0.0165296, 
0.00783463, 0.0165402, 
0.00710931, 0.0165301, 
0.00637809, 0.0164994, 
0.00564191, 0.0164483, 
0.00490172, 0.0163768, 
0.00415846, 0.0162851, 
0.00341306, 0.0161735, 
0.00266647, 0.0160421, 
0.00191963, 0.0158912, 
0.00117346, 0.0157212, 
0.000428903, 0.0155321, 
-0.000313124, 0.0153245, 
-0.0010517, 0.0150985, 
-0.00178593, 0.0148547, 
-0.0025149, 0.0145933, 
-0.00323772, 0.0143147, 
-0.00395352, 0.0140194, 
-0.00466143, 0.0137078, 
-0.0053606, 0.0133804, 
-0.0060502, 0.0130376, 
-0.0067294, 0.0126799, 
-0.00739739, 0.0123079, 
-0.00805338, 0.011922, 
-0.00869662, 0.0115228, 
-0.00932633, 0.0111109, 
-0.0099418, 0.0106868, 
-0.0105423, 0.0102511, 
-0.0111272, 0.00980434, 
-0.0116957, 0.0093472, 
-0.0122474, 0.00888027, 
-0.0127814, 0.00840417, 
-0.0132972, 0.00791953, 
-0.0137944, 0.00742699, 
-0.0142722, 0.0069272, 
-0.0147302, 0.00642082, 
-0.015168, 0.00590849, 
-0.015585, 0.0053909, 
-0.0159808, 0.00486869, 
-0.016355, 0.00434256, 
-0.0167072, 0.00381316, 
-0.0170371, 0.00328118, 
-0.0173444, 0.00274729, 
-0.0176287, 0.00221217, 
-0.0178898, 0.00167648, 
-0.0181276, 0.0011409, 
-0.0183416, 0.000606103, 
-0.0185319, 7.27497e-05, 
-0.0186982, -0.000458499, 
-0.0188405, -0.000986988, 
-0.0189587, -0.00151207, 
-0.0190527, -0.0020331, 
-0.0191225, -0.00254944, 
-0.0191681, -0.00306047, 
-0.0191896, -0.00356557, 
-0.0191871, -0.00406414, 
-0.0191605, -0.00455557, 
-0.0191102, -0.00503929, 
-0.0190362, -0.00551472, 
-0.0189386, -0.0059813, 
-0.0188179, -0.00643848, 
-0.0186741, -0.00688574, 
-0.0185076, -0.00732254, 
-0.0183187, -0.0077484, 
-0.0181076, -0.00816282, 
-0.0178748, -0.00856533, 
-0.0176206, -0.00895549, 
-0.0173455, -0.00933284, 
-0.0170498, -0.00969697, 
-0.0167341, -0.0100475, 
-0.0163987, -0.010384, 
-0.0160443, -0.0107062, 
-0.0156712, -0.0110136, 
-0.0152801, -0.011306, 
-0.0148716, -0.0115831, 
-0.0144461, -0.0118446, 
-0.0140044, -0.0120902, 
-0.0135469, -0.0123197, 
-0.0130745, -0.0125328, 
-0.0125876, -0.0127294, 
-0.0120871, -0.0129093, 
-0.0115735, -0.0130723, 
-0.0110475, -0.0132184, 
-0.0105099, -0.0133473, 
-0.00996143, -0.0134589, 
-0.00940275, -0.0135534, 
-0.00883463, -0.0136305, 
-0.00825781, -0.0136902, 
-0.00767305, -0.0137326, 
-0.00708112, -0.0137577, 
-0.00648277, -0.0137655, 
-0.0058788, -0.013756, 
-0.00526997, -0.0137294, 
-0.00465706, -0.0136858, 
-0.00404086, -0.0136252, 
-0.00342215, -0.0135479, 
-0.00280172, -0.013454, 
-0.00218034, -0.0133437, 
-0.0015588, -0.0132171, 
-0.000937867, -0.0130746, 
-0.000318325, -0.0129163, 
0.000299063, -0.0127425, 
0.000913534, -0.0125535, 
0.00152433, -0.0123497, 
0.00213071, -0.0121312, 
0.00273193, -0.0118985, 
0.00332725, -0.0116519, 
0.00391597, -0.0113917, 
0.00449737, -0.0111184, 
0.00507076, -0.0108323, 
0.00563544, -0.0105339, 
0.00619076, -0.0102235, 
0.00673606, -0.00990167,
