
0, 0, 
-0.323467, 0.383959, 
-0.641525, 0.753911, 
-0.956469, 1.11556, 
-1.2703, 1.47369, 
-1.58472, 1.83211, 
-1.90106, 2.1935, 
-2.22029, 2.55927, 
-2.54295, 2.92943, 
-2.86911, 3.30242, 
-3.19837, 3.67496, 
-3.5298, 4.04202, 
-3.86202, 4.39687, 
-4.1933, 4.73135, 
-4.52167, 5.03628, 
-4.84515, 5.30209, 
-5.16193, 5.51947, 
-5.47058, 5.67996, 
-5.77009, 5.77635, 
-6.05987, 5.80285, 
-6.3396, 5.75494, 
-6.60903, 5.62907, 
-6.86769, 5.42227, 
-7.11458, 5.13176, 
-7.34789, 4.75467, 
-7.56476, 4.28793, 
-7.76101, 3.72818, 
-7.93101, 3.07197, 
-8.06757, 2.31593, 
-8.162, 1.4571, 
-8.20432, 0.493202, 
-8.18365, -0.576963, 
-8.08893, -1.75324, 
-7.90981, -3.0338, 
-7.63794, -4.41476, 
-7.26847, -5.88947, 
-6.80189, -7.44685, 
-6.24645, -9.06779, 
-5.62168, -10.7172, 
-4.96409, -12.3288, 
-4.33597, -13.7784, 
-3.8354, -14.8508, 
-3.59463, -15.2352, 
-3.73728, -14.6284, 
-4.28785, -12.9698, 
-5.12576, -10.5591, 
-6.06903, -7.83542, 
-6.98079, -5.11164, 
-7.79235, -2.53332, 
-8.47882, -0.153377, 
-9.0355, 2.00598, 
-9.46455, 3.92337, 
-9.76791, 5.56632, 
-9.94356, 6.88813, 
-9.98462, 7.83193, 
-9.88255, 8.34453, 
-9.63441, 8.4006, 
-9.25111, 8.02717, 
-8.75996, 7.30929, 
-8.19809, 6.36727, 
-7.60157, 5.3205, 
-6.99782, 4.26177, 
-6.40408, 3.25077, 
-5.8296, 2.31982, 
-5.27854, 1.48275, 
-4.7522, 0.742249, 
-4.25041, 0.0948218, 
-3.77224, -0.466357, 
-3.31635, -0.949784, 
-2.88111, -1.36474, 
-2.46466, -1.72077, 
-2.06498, -2.02743, 
-1.67988, -2.29402, 
-1.3071, -2.5295, 
-0.944331, -2.74228, 
-0.589311, -2.94011, 
-0.239896, -3.1299, 
0.105865, -3.31759, 
0.449649, -3.50799, 
0.792789, -3.70456, 
1.1362, -3.90932, 
1.48034, -4.12264, 
1.82513, -4.34313, 
2.16997, -4.56759, 
2.51377, -4.79102, 
2.85496, -5.00685, 
3.19168, -5.20726, 
3.52191, -5.38368, 
3.84368, -5.52744, 
4.15525, -5.63038, 
4.45526, -5.68533, 
4.74276, -5.68644, 
5.01716, -5.62922, 
5.27811, -5.51039, 
5.52531, -5.32756, 
5.75824, -5.07895, 
5.97602, -4.76304, 
6.17719, -4.37839, 
6.35952, -3.92354, 
6.51998, -3.39702, 
6.65464, -2.79744, 
6.75869, -2.12365, 
6.82656, -1.37493, 
6.85213, -0.551243, 
6.829, 0.346532, 
6.75098, 1.31636, 
6.61267, 2.35475, 
6.41016, 3.45637, 
6.14189, 4.6134, 
5.80969, 5.81437, 
5.42004, 7.04203, 
4.98576, 8.26953, 
4.52828, 9.45416, 
4.08057, 10.5283, 
3.68983, 11.3896, 
3.41674, 11.8994, 
3.32496, 11.9066, 
3.45594, 11.311, 
3.80058, 10.1379, 
4.29616, 8.54547, 
4.85766, 6.74365, 
5.41317, 4.90542, 
5.91722, 3.13768, 
6.34664, 1.4962, 
6.69193, 0.00894462, 
6.95063, -1.30789, 
7.12333, -2.44158, 
7.21149, -3.37984, 
7.21661, -4.11075, 
7.14031, -4.62487, 
6.98505, -4.91851, 
6.75528, -4.99744, 
6.45828, -4.87926, 
6.10429, -4.59308, 
5.70568, -4.17618, 
5.27538, -3.66853, 
4.82534, -3.10748, 
4.36549, -2.52405, 
3.90332, -1.9414, 
3.44401, -1.37512, 
2.9908, -0.834455, 
2.5455, -0.323819, 
2.1089, 0.15578, 
1.68109, 0.605563, 
1.26177, 1.02807, 
0.850368, 1.42648, 
0.446265, 1.80405, 
0.0488672, 2.16377, 
-0.342282, 2.50796, 
-0.727416, 2.83804, 
-1.10648, 3.15428, 
-1.47908, 3.45567, 
-1.84444, 3.73978, 
-2.20145, 4.00284, 
-2.54867, 4.23986, 
-2.88445, 4.44498, 
-3.20707, 4.61186, 
-3.5149, 4.73425, 
-3.80649, 4.80646, 
-4.08072, 4.8238, 
-4.33683, 4.78283, 
-4.57429, 4.68136, 
-4.7928, 4.51835, 
-4.99203, 4.29364, 
-5.17155, 4.0077, 
-5.33064, 3.66138, 
-5.4682, 3.25575, 
-5.5827, 2.79205, 
-5.67219, 2.27168, 
-5.73436, 1.69631, 
-5.76664, 1.06806, 
-5.7664, 0.389604, 
-5.73117, -0.33549, 
-5.65896, -1.10254, 
-5.54863, -1.90536, 
-5.40031, -2.73579, 
-5.21592, -3.58301, 
-4.99971, -4.43259, 
-4.75885, -5.26528, 
-4.50412, -6.05535, 
-4.25033, -6.76901, 
-4.01645, -7.36351, 
-3.82472, -7.78844, 
-3.69801, -7.99147, 
-3.65514, -7.92975, 
-3.70489, -7.58482, 
-3.84173, -6.97381, 
-4.04612, -6.14846, 
-4.29018, -5.18099, 
-4.54506, -4.1454, 
-4.78647, -3.10425, 
-4.99671, -2.10414, 
-5.16434, -1.17717, 
-5.28276, -0.344579, 
-5.34875, 0.37989, 
-5.36136, 0.987735, 
-5.32118, 1.47444, 
-5.22992, 1.83898, 
-5.09026, 2.08372, 
-4.90567, 2.2144, 
-4.6804, 2.23994, 
-4.41932, 2.17199, 
-4.12768, 2.02414, 
-3.81088, 1.81092, 
-3.47417, 1.5468, 
-3.12242, 1.24526, 
-2.75993, 0.918199, 
-2.39036, 0.575584, 
-2.01671, 0.225391, 
-1.64139, -0.126234, 
-1.26629, -0.47469, 
-0.892897, -0.816569, 
-0.522424, -1.14929, 
-0.155887, -1.47075, 
0.205788, -1.77901, 
0.561689, -2.07207, 
0.910868, -2.34764, 
1.2523, -2.60305, 
1.58487, -2.83522, 
1.9074, -3.04067, 
2.21865, -3.21566, 
2.51739, -3.35633, 
2.80244, -3.45894, 
3.07272, -3.52004, 
3.32726, -3.53669, 
3.56526, -3.50656, 
3.78601, -3.42799, 
3.9889, -3.30001, 
4.17335, -3.12226, 
4.33873, -2.89494, 
4.48434, -2.61874, 
4.60935, -2.29475, 
4.71281, -1.92445, 
4.79365, -1.50972, 
4.85071, -1.05289, 
4.88288, -0.55681, 
4.88917, -0.0250041, 
4.86887, 0.538191, 
4.82178, 1.12741, 
4.74836, 1.736, 
4.65002, 2.35571, 
4.52937, 2.97629, 
4.39042, 3.58507, 
4.23885, 4.1665, 
4.08212, 4.7018, 
3.92937, 5.16897, 
3.79109, 5.54345, 
3.67826, 5.79996, 
3.601, 5.91562, 
3.56671, 5.87437, 
3.57833, 5.67145, 
3.6332, 5.31614, 
3.72322, 4.83135, 
3.8364, 4.24976, 
3.95911, 3.60808, 
4.07824, 2.94178, 
4.1826, 2.28156, 
4.26357, 1.65193, 
4.31509, 1.07133, 
4.3333, 0.552823, 
4.31615, 0.105077, 
4.263, -0.266859, 
4.17428, -0.560931, 
4.05129, -0.777632, 
3.89598, -0.919627, 
3.71084, -0.991413, 
3.4987, -0.998953, 
3.26268, -0.949271, 
3.00598, -0.850032, 
2.73181, -0.709129, 
2.4433, -0.534319, 
2.14336, -0.332928, 
1.83467, -0.111661, 
1.51965, 0.123497, 
1.20046, 0.367293, 
0.879005, 0.615144, 
0.55699, 0.863034, 
0.235952, 1.10738, 
-0.0826979, 1.3449, 
-0.397632, 1.57246, 
-0.707574, 1.78703, 
-1.01128, 1.98553, 
-1.30752, 2.16487, 
-1.59508, 2.32193, 
-1.87278, 2.45358, 
-2.13946, 2.55681, 
-2.39405, 2.62877, 
-2.63552, 2.66691, 
-2.86297, 2.66905, 
-3.07555, 2.63344, 
-3.27254, 2.55887, 
-3.45324, 2.4446, 
-3.61705, 2.29042, 
-3.76338, 2.09662, 
-3.89164, 1.86398, 
-4.00127, 1.59371, 
-4.09171, 1.2875, 
-4.16245, 0.947507, 
-4.21302, 0.576382, 
-4.24314, 0.17735, 
-4.2527, -0.245724, 
-4.24194, -0.68823, 
-4.21149, -1.14469, 
-4.16256, -1.60862, 
-4.09696, -2.07237, 
-4.0173, -2.52701, 
-3.92699, -2.96223, 
-3.83025, -3.3663, 
-3.7321, -3.72633, 
-3.63806, -4.02862, 
-3.55384, -4.25958, 
-3.48482, -4.40688, 
-3.43531, -4.46109, 
-3.40796, -4.41728, 
-3.40315, -4.27636, 
-3.41879, -4.04555, 
-3.45057, -3.73788, 
-3.49248, -3.37063, 
-3.53767, -2.9633, 
-3.57927, -2.53552, 
-3.611, -2.1054, 
-3.6276, -1.68859, 
-3.62501, -1.29778, 
-3.60036, -0.942688, 
-3.55184, -0.630274, 
-3.47859, -0.36503, 
-3.38056, -0.149316, 
-3.2583, 0.0163293, 
-3.11289, 0.132888, 
-2.9458, 0.202585, 
-2.75878, 0.228619, 
-2.5538, 0.214911, 
-2.33291, 0.165861, 
-2.09825, 0.0861324, 
-1.85191, -0.0195309, 
-1.59594, -0.146452, 
-1.33232, -0.290125, 
-1.0629, -0.44628, 
-0.789435, -0.610908, 
-0.513564, -0.780256, 
-0.236834, -0.950803, 
0.0392987, -1.11922, 
0.313447, -1.28234, 
0.584285, -1.43709, 
0.850536, -1.5805, 
1.11097, -1.7097, 
1.36439, -1.82187, 
1.60967, -1.91434, 
1.8457, -1.98459, 
2.07148, -2.03028, 
2.28602, -2.04937, 
2.48847, -2.04012, 
2.678, -2.00115, 
2.8539, -1.93147, 
3.01551, -1.83054, 
3.16227, -1.69823, 
3.29365, -1.53487, 
3.4092, -1.34122, 
3.50855, -1.11848, 
3.59138, -0.868302, 
3.65751, -0.592803, 
3.70683, -0.294572, 
3.73945, 0.0232913, 
3.75566, 0.357138, 
3.75601, 0.702722, 
3.74139, 1.05516, 
3.71305, 1.40887, 
3.67263, 1.75757, 
3.62224, 2.09427, 
3.56438, 2.41134, 
3.50194, 2.70064, 
3.43806, 2.95381, 
3.376, 3.16264, 
3.31888, 3.31961, 
3.26941, 3.41856, 
3.22958, 3.45541, 
3.20042, 3.42875, 
3.18182, 3.34025, 
3.17247, 3.19476, 
3.16997, 2.99996, 
3.17114, 2.76569, 
3.17228, 2.5031, 
3.16957, 2.22372, 
3.1594, 1.93866, 
3.13853, 1.65796, 
3.10434, 1.39028, 
3.0548, 1.14263, 
2.98852, 0.920415, 
2.90471, 0.727461, 
2.80309, 0.566164, 
2.68386, 0.437654, 
2.54757, 0.34197, 
2.3951, 0.278238, 
2.22756, 0.244846, 
2.04622, 0.239608, 
1.85248, 0.259911, 
1.64784, 0.302852, 
1.43381, 0.36535, 
1.21191, 0.444238, 
0.983652, 0.536336, 
0.750509, 0.638497, 
0.513918, 0.747645, 
0.275266, 0.860785, 
0.0358935, 0.975013, 
-0.202906, 1.08751, 
-0.439884, 1.19556, 
-0.673836, 1.29653, 
-0.903599, 1.38786, 
-1.12805, 1.46712, 
-1.34613, 1.532, 
-1.55681, 1.58036, 
-1.75914, 1.61022, 
-1.9522, 1.61984, 
-2.13516, 1.60774, 
-2.30728, 1.57274, 
-2.46785, 1.51395, 
-2.61626, 1.43088, 
-2.75199, 1.32337, 
-2.87457, 1.19163, 
-2.98364, 1.03629, 
-3.07891, 0.858326, 
-3.16017, 0.659143, 
-3.22736, 0.440528, 
-3.2805, 0.20468, 
-3.31979, -0.0457849, 
-3.34556, -0.307824, 
-3.35838, -0.577959, 
-3.35901, -0.852268, 
-3.34843, -1.1264, 
-3.3279, -1.39559, 
-3.29891, -1.65471, 
-3.26315, -1.89838, 
-3.22251, -2.12104, 
-3.17897, -2.31723, 
-3.13448, -2.48176, 
-3.09091, -2.61006, 
-3.04983, -2.6985, 
-3.01241, -2.74472, 
-2.97927, -2.74791, 
-2.95046, -2.70899, 
-2.92536, -2.63062, 
-2.90278, -2.51713, 
-2.88102, -2.37413, 
-2.85808, -2.20821, 
-2.83175, -2.02644, 
-2.79985, -1.83593, 
-2.76032, -1.64346, 
-2.71137, -1.45517, 
-2.65153, -1.27639, 
-2.57969, -1.11147, 
-2.49511, -0.963827, 
-2.3974, -0.835895, 
-2.28649, -0.72923, 
-2.16261, -0.64458, 
-2.02622, -0.581983, 
-1.87801, -0.540877, 
-1.7188, -0.520198, 
-1.54957, -0.518482, 
-1.37136, -0.533954, 
-1.18531, -0.564608, 
-0.992567, -0.608274, 
-0.794325, -0.66268, 
-0.591773, -0.72549, 
-0.386094, -0.794345, 
-0.178459, -0.866887, 
0.0299809, -0.94078, 
0.238101, -1.01372, 
0.444804, -1.08347, 
0.649024, -1.14785, 
0.849729, -1.20475, 
1.04593, -1.25218, 
1.23667, -1.28825, 
1.42105, -1.31126, 
1.59822, -1.31962, 
1.76738, -1.312, 
1.92781, -1.28726, 
2.07884, -1.24452, 
2.21987, -1.18319, 
2.35038, -1.10295, 
2.46992, -1.0038, 
2.57812, -0.886048, 
2.6747, -0.75034, 
2.75947, -0.597636, 
2.83233, -0.429233, 
2.89328, -0.246759, 
2.94245, -0.0521706, 
2.98008, 0.152245, 
3.00656, 0.363883, 
3.02241, 0.579825, 
3.02832, 0.796867, 
3.02512, 1.01154, 
3.0138, 1.22018, 
2.99547, 1.41895, 
2.97134, 1.60398, 
2.94269, 1.77147, 
2.9108, 1.91781, 
2.8769, 2.03976, 
2.84206, 2.13465, 
2.80716, 2.20055, 
2.77281, 2.23637, 
2.73927, 2.24208, 
2.70645, 2.21868, 
2.67391, 2.16818, 
2.64089, 2.09357, 
2.60636, 1.99856, 
2.5691, 1.88742, 
2.52781, 1.76472, 
2.48117, 1.63509, 
2.42794, 1.50299, 
2.36702, 1.37254, 
2.29749, 1.24739, 
2.21864, 1.13065, 
2.13001, 1.02479, 
2.03135, 0.931693, 
1.92262, 0.852651, 
1.80398, 0.788395, 
1.67579, 0.739155, 
1.53853, 0.704718, 
1.39283, 0.684493, 
1.23942, 0.677568, 
1.07909, 0.682766, 
0.912739, 0.698707, 
0.741268, 0.723846, 
0.56563, 0.756522, 
0.386791, 0.79499, 
0.205729, 0.837451, 
0.023416, 0.882082, 
-0.159179, 0.927054, 
-0.341103, 0.970554, 
-0.52142, 1.01081, 
-0.699221, 1.04609, 
-0.873623, 1.07476, 
-1.04378, 1.09526, 
-1.20888, 1.10616, 
-1.36816, 1.10615, 
-1.5209, 1.09411, 
-1.66643, 1.06907, 
-1.80416, 1.03028, 
-1.93353, 0.977207, 
-2.05406, 0.909546, 
-2.16535, 0.827246, 
-2.26705, 0.730512, 
-2.35889, 0.619811, 
-2.4407, 0.495878, 
-2.51238, 0.359715, 
-2.57391, 0.212589, 
-2.62538, 0.0560288, 
-2.66697, -0.108186, 
-2.69896, -0.278037, 
-2.72176, -0.451282, 
-2.73585, -0.625484, 
-2.74184, -0.798036, 
-2.74041, -0.966214, 
-2.73234, -1.12722, 
-2.71845, -1.27827, 
-2.69962, -1.41664, 
-2.6767, -1.53978, 
-2.6505, -1.64545, 
-2.62176, -1.73174, 
-2.59108, -1.79727, 
-2.55891, -1.84118, 
-2.52549, -1.86329, 
-2.49086, -1.86407, 
-2.45485, -1.84463, 
-2.41708, -1.80671, 
-2.37699, -1.75258, 
-2.33391, -1.68492, 
-2.28707, -1.60669, 
-2.23567, -1.52096, 
-2.17893, -1.43083, 
-2.11612, -1.33926, 
-2.0466, -1.24896, 
-1.96988, -1.16236, 
-1.88557, -1.08152, 
-1.79346, -1.00809, 
-1.69347, -0.943337, 
-1.58567, -0.888134, 
-1.47027, -0.842971, 
-1.34759, -0.807997, 
-1.21807, -0.783047, 
-1.08224, -0.767684, 
-0.940687, -0.761235, 
-0.794092, -0.762828, 
-0.64317, -0.771427, 
-0.488678, -0.78587, 
-0.331401, -0.80489, 
-0.172141, -0.82715, 
-0.0117108, -0.851267, 
0.149075, -0.875829, 
0.309406, -0.899425, 
0.468483, -0.920657, 
0.625523, -0.938164, 
0.779763, -0.950641, 
0.930468, -0.956856, 
1.07693, -0.955671, 
1.2185, -0.946058, 
1.35453, -0.927124, 
1.48444, -0.898118, 
1.60772, -0.858456, 
1.72387, -0.807732, 
1.83248, -0.745729, 
1.93319, -0.672429, 
2.02571, -0.588024, 
2.10979, -0.492915, 
2.18529, -0.387718, 
2.25211, -0.273259, 
2.31024, -0.150575, 
2.35974, -0.0209024, 
2.40076, 0.114333, 
2.43351, 0.253531, 
2.4583, 0.394931, 
2.4755, 0.536647, 
2.48555, 0.676689, 
2.48895, 0.813002, 
2.48627, 0.943516, 
2.47808, 1.06619, 
2.46498, 1.17908, 
2.44756, 1.28038, 
2.42637, 1.36852, 
2.40191, 1.44221, 
2.37457, 1.50049, 
2.34467, 1.54282, 
2.31239, 1.56905, 
2.27778, 1.5795, 
2.24075, 1.5749, 
2.2011, 1.55641, 
2.15853, 1.5255, 
2.11263, 1.48397, 
2.06296, 1.4338, 
2.00904, 1.37708, 
1.95038, 1.31595, 
1.88654, 1.25248, 
1.81713, 1.18863, 
1.74182, 1.12618, 
1.6604, 1.06668, 
1.57271, 1.01145, 
1.47873, 0.961515, 
1.37854, 0.917638, 
1.27228, 0.880316, 
1.16023, 0.849791, 
1.04271, 0.826064, 
0.920155, 0.808925, 
0.793029, 0.79797, 
0.661872, 0.792629, 
0.527263, 0.792191, 
0.389819, 0.795829, 
0.250184, 0.802622, 
0.109024, 0.811578, 
-0.0329855, 0.821656, 
-0.175161, 0.831784, 
-0.316819, 0.840882, 
-0.457284, 0.847876, 
-0.595892, 0.851719, 
-0.731994, 0.851408, 
-0.864964, 0.845999, 
-0.994204, 0.834626, 
-1.11914, 0.816515, 
-1.23925, 0.791001, 
-1.35404, 0.757538, 
-1.46304, 0.715717, 
-1.56587, 0.665271, 
-1.66215, 0.60609, 
-1.7516, 0.538224, 
-1.83397, 0.461887, 
-1.90905, 0.377463, 
-1.97673, 0.285504, 
-2.03693, 0.186725, 
-2.08964, 0.0820027, 
-2.13491, -0.0276381, 
-2.17286, -0.141032, 
-2.20367, -0.256891, 
-2.22757, -0.373821, 
-2.24484, -0.490349, 
-2.25582, -0.604944, 
-2.26088, -0.716054, 
-2.26042, -0.822139, 
-2.25485, -0.92171, 
-2.2446, -1.01337, 
-2.23007, -1.09586, 
-2.21164, -1.16811, 
-2.18964, -1.22924, 
-2.16434, -1.27866, 
-2.13595, -1.31603, 
-2.10458, -1.34132, 
-2.07027, -1.3548, 
-2.033, -1.35702, 
-1.99262, -1.34881, 
-1.94898, -1.33122, 
-1.90183, -1.3055, 
-1.85091, -1.27302, 
-1.79594, -1.23525, 
-1.73664, -1.19368, 
-1.67276, -1.14976, 
-1.60407, -1.10489, 
-1.5304, -1.06034, 
-1.45164, -1.01725, 
-1.36774, -0.976565, 
-1.27874, -0.939078, 
-1.18472, -0.905377, 
-1.08585, -0.875864, 
-0.98237, -0.850755, 
-0.874571, -0.830092, 
-0.762807, -0.813755, 
-0.647482, -0.801475, 
-0.529043, -0.792855, 
-0.407975, -0.787385, 
-0.284793, -0.784461, 
-0.160037, -0.783399, 
-0.0342643, -0.783461, 
0.0919577, -0.783862, 
0.218054, -0.783796, 
0.343451, -0.782445, 
0.467579, -0.779001, 
0.589877, -0.772676, 
0.7098, -0.762721, 
0.826821, -0.748436, 
0.940438, -0.72919, 
1.05017, -0.704428, 
1.15558, -0.673683, 
1.25625, -0.636593, 
1.3518, -0.592903, 
1.44191, -0.542477, 
1.52628, -0.485304, 
1.60466, -0.421501, 
1.67686, -0.351317, 
1.74271, -0.275132, 
1.80213, -0.193455, 
1.85506, -0.106921, 
1.9015, -0.0162817, 
1.94149, 0.0775998, 
1.97513, 0.173764, 
2.00255, 0.27117, 
2.02395, 0.368711, 
2.03955, 0.465234, 
2.04958, 0.559565, 
2.05434, 0.650536, 
2.05411, 0.737007, 
2.04919, 0.817899, 
2.03987, 0.892226, 
2.02644, 0.959116, 
2.00915, 1.01785, 
1.98822, 1.06787, 
1.96385, 1.10881, 
1.93615, 1.14052, 
1.90522, 1.16305, 
1.87108, 1.17664, 
1.83372, 1.18175, 
1.79306, 1.179, 
1.74901, 1.16918, 
1.70144, 1.15318, 
1.65019, 1.13199, 
1.59511, 1.10666, 
1.53607, 1.07823, 
1.47292, 1.04773, 
1.40557, 1.01615, 
1.33395, 0.984386, 
1.25804, 0.953243, 
1.17786, 0.923405, 
1.0935, 0.895431, 
1.00508, 0.869746, 
0.912769, 0.846637, 
0.816804, 0.826261, 
0.717458, 0.808646, 
0.615044, 0.793702, 
0.509919, 0.781227, 
0.402469, 0.770924, 
0.293113, 0.762411, 
0.182289, 0.755231, 
0.0704568, 0.748873, 
-0.0419112, 0.742779, 
-0.154334, 0.736362, 
-0.266327, 0.729017, 
-0.377406, 0.720135, 
-0.487093, 0.709118, 
-0.594916, 0.695388, 
-0.700419, 0.678402, 
-0.803164, 0.657663, 
-0.902731, 0.632729, 
-0.998724, 0.603225, 
-1.09078, 0.568855, 
-1.17855, 0.529401, 
-1.26174, 0.484739, 
-1.34007, 0.43484, 
-1.41331, 0.379774, 
-1.48127, 0.319714, 
-1.54378, 0.254933, 
-1.60074, 0.185806, 
-1.65206, 0.112805, 
-1.6977, 0.0364957, 
-1.73768, -0.0424732, 
-1.77204, -0.123376, 
-1.80085, -0.205424, 
-1.82422, -0.287776, 
-1.84231, -0.369557, 
-1.85528, -0.449871, 
-1.86332, -0.527825, 
-1.86663, -0.602545, 
-1.86542, -0.673199, 
-1.85992, -0.739015, 
-1.85032, -0.799305, 
-1.83682, -0.853482, 
-1.8196, -0.901078, 
-1.79882, -0.941757, 
-1.77458, -0.975323, 
-1.74699, -1.00173, 
-1.71611, -1.02108, 
-1.68196, -1.03361, 
-1.64453, -1.03969, 
-1.6038, -1.03983, 
-1.55971, -1.03461, 
-1.51221, -1.02469, 
-1.46122, -1.01079, 
-1.40668, -0.993668, 
-1.34852, -0.974062, 
-1.28671, -0.952706, 
-1.22122, -0.93029, 
-1.15206, -0.907445, 
-1.07928, -0.88473, 
-1.00296, -0.86262, 
-0.92319, -0.841499, 
-0.840141, -0.821654, 
-0.753995, -0.803274, 
-0.664978, -0.786454, 
-0.573349, -0.771195, 
-0.479398, -0.757413, 
-0.383443, -0.744943, 
-0.285829, -0.73355, 
-0.186918, -0.722937, 
-0.0870936, -0.712757, 
0.0132506, -0.70262, 
0.11371, -0.692108, 
0.213876, -0.68078, 
0.313338, -0.668192, 
0.411686, -0.653896, 
0.50852, -0.63746, 
0.603444, -0.618474, 
0.69608, -0.59656, 
0.786061, -0.571381, 
0.873043, -0.542647, 
0.9567, -0.510128, 
1.03673, -0.473657, 
1.11287, -0.433134, 
1.18485, -0.388533, 
1.25248, -0.339907, 
1.31556, -0.287384, 
1.37393, -0.231173, 
1.42749, -0.17156, 
1.47613, -0.108908, 
1.51981, -0.0436474, 
1.55851, 0.023722, 
1.59222, 0.092644, 
1.621, 0.162513, 
1.6449, 0.232683, 
1.66402, 0.302483, 
1.67846, 0.371226, 
1.68836, 0.438223, 
1.69386, 0.502801, 
1.69511, 0.564317, 
1.69225, 0.622169, 
1.68546, 0.675817, 
1.67486, 0.724792, 
1.66061, 0.768708, 
1.64283, 0.807276, 
1.62161, 0.840305, 
1.59706, 0.867712, 
1.56923, 0.88952, 
1.53817, 0.905854, 
1.50391, 0.916939, 
1.46646, 0.923087, 
1.42582, 0.924686, 
1.38198, 0.922188, 
1.33492, 0.916088, 
1.28463, 0.906915, 
1.23109, 0.895206, 
1.17431, 0.881497, 
1.1143, 0.866303, 
1.0511, 0.850105, 
0.984772, 0.833341, 
0.915392, 0.816394, 
0.843074, 0.799584, 
0.767955, 0.783164, 
0.690201, 0.767318, 
0.610008, 0.75216, 
0.527596, 0.737733, 
0.44321, 0.724016, 
0.357118, 0.710926, 
0.269611, 0.698321, 
0.180994, 0.686012, 
0.0915882, 0.673767, 
0.00172745, 0.661318, 
-0.0882469, 0.64837, 
-0.177988, 0.634611, 
-0.267146, 0.619718, 
-0.355373, 0.603368, 
-0.442324, 0.585244, 
-0.527661, 0.565043, 
-0.611057, 0.542486, 
-0.692194, 0.517325, 
-0.770773, 0.489345, 
-0.846509, 0.458379, 
-0.919137, 0.424303, 
-0.988414, 0.38705, 
-1.05412, 0.346606, 
-1.11605, 0.303017, 
-1.17405, 0.25639, 
-1.22796, 0.206892, 
-1.27767, 0.154748, 
-1.32308, 0.100243, 
-1.36413, 0.0437174, 
-1.40079, -0.0144414, 
-1.43303, -0.0737997, 
-1.46087, -0.133887, 
-1.48435, -0.194203, 
-1.50351, -0.254226, 
-1.51843, -0.313425, 
-1.52919, -0.371268, 
-1.53589, -0.427232, 
-1.53864, -0.480818, 
-1.53755, -0.531558, 
-1.53273, -0.579026, 
-1.52429, -0.622851, 
-1.51234, -0.66272, 
-1.49699, -0.698392, 
-1.47831, -0.729696, 
-1.45639, -0.756541, 
-1.4313, -0.778909, 
-1.40308, -0.796863, 
-1.37179, -0.810534, 
-1.33746, -0.820122, 
-1.3001, -0.825885, 
-1.25975, -0.828128, 
-1.21641, -0.827196, 
-1.17012, -0.823459, 
-1.12088, -0.817305, 
-1.06873, -0.80912, 
-1.01372, -0.799284, 
-0.955894, -0.788161, 
-0.895329, -0.776081, 
-0.832114, -0.763345, 
-0.766361, -0.750209, 
-0.698201, -0.736881, 
-0.627785, -0.723524, 
-0.555288, -0.710247, 
-0.480903, -0.697109, 
-0.404844, -0.68412, 
-0.327342, -0.671243, 
-0.248645, -0.658398, 
-0.169016, -0.645465, 
-0.0887285, -0.632291, 
-0.00806657, -0.618695, 
0.0726782, -0.604474, 
0.15321, -0.589407, 
0.233229, -0.573268, 
0.312438, -0.555825, 
0.390541, -0.536852, 
0.467248, -0.516131, 
0.542275, -0.493464, 
0.61535, -0.468671, 
0.686211, -0.441604, 
0.75461, -0.412143, 
0.820315, -0.380209, 
0.883112, -0.345759, 
0.942804, -0.308796, 
0.999215, -0.269368, 
1.05219, -0.227566, 
1.10159, -0.183531, 
1.14731, -0.137448, 
1.18925, -0.0895454, 
1.22735, -0.0400948, 
1.26155, 0.0105958, 
1.29184, 0.0621843, 
1.31821, 0.114301, 
1.34066, 0.166553, 
1.35922, 0.218534, 
1.37394, 0.269828, 
1.38488, 0.320021, 
1.3921, 0.368706, 
1.39567, 0.415493, 
1.39568, 0.460015, 
1.3922, 0.501938, 
1.38533, 0.540968, 
1.37514, 0.576854, 
1.36172, 0.609396, 
1.34515, 0.638448, 
1.32548, 0.663921, 
1.30279, 0.685782, 
1.27713, 0.704054, 
1.24855, 0.718814, 
1.21709, 0.730188, 
1.1828, 0.738348, 
1.14571, 0.743502, 
1.10587, 0.745889, 
1.06331, 0.745769, 
1.01807, 0.743419, 
0.970212, 0.739119, 
0.919784, 0.733147, 
0.866859, 0.725772, 
0.811517, 0.717243, 
0.753855, 0.707789, 
0.693982, 0.697609, 
0.632025, 0.686872, 
0.568126, 0.67571, 
0.502443, 0.664221, 
0.43515, 0.652465, 
0.366436, 0.640465, 
0.296504, 0.62821, 
0.22557, 0.615659, 
0.153862, 0.602736, 
0.0816162, 0.589344, 
0.00907749, 0.575362, 
-0.0635032, 0.560652, 
-0.135871, 0.545063, 
-0.207769, 0.528436, 
-0.278942, 0.510613, 
-0.349133, 0.491433, 
-0.418093, 0.470747, 
-0.485578, 0.448415, 
-0.551351, 0.424318, 
-0.615185, 0.398353, 
-0.676864, 0.370444, 
-0.736186, 0.340544, 
-0.792961, 0.308636, 
-0.847016, 0.274734, 
-0.898193, 0.238889, 
-0.946352, 0.201185, 
-0.991369, 0.161744, 
-1.03314, 0.120721, 
-1.07158, 0.0783039, 
-1.10661, 0.034713, 
-1.13819, -0.00980352, 
-1.16628, -0.0549721, 
-1.19087, -0.100499, 
-1.21194, -0.146073, 
-1.22951, -0.191373, 
-1.24361, -0.236074, 
-1.25427, -0.279848, 
-1.26153, -0.322377, 
-1.26545, -0.363355, 
-1.26608, -0.402493, 
-1.26349, -0.439527, 
-1.25774, -0.474224, 
-1.24889, -0.506382, 
-1.23701, -0.535839, 
-1.22216, -0.562469, 
-1.20441, -0.586193, 
-1.18381, -0.606969, 
-1.16042, -0.624801, 
-1.13429, -0.639731, 
-1.10546, -0.651837, 
-1.074, -0.661233, 
-1.03994, -0.66806, 
-1.00334, -0.672485, 
-0.964252, -0.674691, 
-0.922726, -0.674874, 
-0.878826, -0.673236, 
-0.83262, -0.66998, 
-0.784186, -0.665304, 
-0.73361, -0.659393, 
-0.680989, -0.65242, 
-0.626433, -0.644539, 
-0.570062, -0.635879, 
-0.51201, -0.626548, 
-0.452422, -0.616627, 
-0.391457, -0.606172, 
-0.329284, -0.595212, 
-0.266083, -0.583748, 
-0.202045, -0.571762, 
-0.137369, -0.55921, 
-0.0722618, -0.54603, 
-0.00693651, -0.532144, 
0.0583895, -0.517461, 
0.123495, -0.50188, 
0.188159, -0.485293, 
0.252159, -0.467594, 
0.315274, -0.448674, 
0.377289, -0.428433, 
0.437991, -0.40678, 
0.497175, -0.383636, 
0.554644, -0.358937, 
0.61021, -0.332641, 
0.663695, -0.304725, 
0.714933, -0.27519, 
0.763772, -0.244063, 
0.81007, -0.211396, 
0.853703, -0.177269, 
0.894557, -0.141789, 
0.932536, -0.105088, 
0.967558, -0.0673232, 
0.999557, -0.028677, 
1.02848, 0.0106483, 
1.05428, 0.0504316, 
1.07695, 0.0904364, 
1.09646, 0.130415, 
1.11282, 0.170111, 
1.12604, 0.209266, 
1.13613, 0.247622, 
1.14313, 0.284926, 
1.14708, 0.320936, 
1.148, 0.355424, 
1.14596, 0.388182, 
1.141, 0.41902, 
1.13316, 0.447779, 
1.12251, 0.474324, 
1.1091, 0.498552, 
1.09298, 0.52039, 
1.0742, 0.539797, 
1.05283, 0.556764, 
1.0289, 0.57131, 
1.00247, 0.583484, 
0.973596, 0.593359, 
0.94233, 0.601033, 
0.908729, 0.606618, 
0.872849, 0.610245, 
0.834754, 0.612052, 
0.794511, 0.612184, 
0.752195, 0.610789, 
0.707884, 0.608011, 
0.661669, 0.603989, 
0.613646, 0.59885, 
0.563922, 0.592711, 
0.51261, 0.585673, 
0.459838, 0.577821, 
0.40574, 0.569221, 
0.350459, 0.55992, 
0.294149, 0.549948, 
0.236972, 0.539316, 
0.179097, 0.528016, 
0.1207, 0.516026, 
0.0619623, 0.503309, 
0.00307144, 0.489817, 
-0.0557829, 0.475491, 
-0.114408, 0.460267, 
-0.172611, 0.444075, 
-0.230199, 0.426845, 
-0.28698, 0.408509, 
-0.342767, 0.389002, 
-0.397375, 0.368268, 
-0.450625, 0.34626, 
-0.502345, 0.322944, 
-0.552372, 0.298301, 
-0.60055, 0.272327, 
-0.646733, 0.245039, 
-0.690786, 0.216469, 
-0.732584, 0.186673, 
-0.772014, 0.155726, 
-0.808975, 0.123721, 
-0.843379, 0.0907757, 
-0.87515, 0.0570224, 
-0.904224, 0.0226128, 
-0.930548, -0.0122856, 
-0.954083, -0.0474922, 
-0.974799, -0.0828149, 
-0.992681, -0.118054, 
-1.00772, -0.153003, 
-1.01991, -0.187456, 
-1.02928, -0.221206, 
-1.03583, -0.254051, 
-1.03959, -0.2858, 
-1.04059, -0.31627, 
-1.03886, -0.345294, 
-1.03445, -0.372722, 
-1.02739, -0.398421, 
-1.01774, -0.422284, 
-1.00552, -0.444223, 
-0.990805, -0.464174, 
-0.973627, -0.482097, 
-0.954041, -0.497977, 
-0.932096, -0.511819, 
-0.907845, -0.523651, 
-0.881341, -0.533521, 
-0.85264, -0.541493, 
-0.8218, -0.547644, 
-0.788883, -0.552065, 
-0.753954, -0.554854, 
-0.717084, -0.556116, 
-0.678347, -0.555957, 
-0.637825, -0.554482, 
-0.595607, -0.551792, 
-0.551785, -0.547984, 
-0.506464, -0.543145, 
-0.459752, -0.537353, 
-0.411766, -0.530674, 
-0.362631, -0.52316, 
-0.312479, -0.514853, 
-0.261449, -0.50578, 
-0.209687, -0.495954, 
-0.157343, -0.485379, 
-0.104575, -0.474043, 
-0.051543, -0.461928, 
0.00158803, -0.449006, 
0.0546511, -0.435242, 
0.107478, -0.420597, 
0.159898, -0.405029, 
0.211745, -0.388495, 
0.26285, -0.370954, 
0.313049, -0.35237, 
0.362182, -0.332712, 
0.410092, -0.311956, 
0.45663, -0.29009, 
0.501652, -0.267111, 
0.545021, -0.24303, 
0.586608, -0.217873, 
0.626295, -0.191678, 
0.66397, -0.164501, 
0.699533, -0.136412, 
0.732893, -0.107496, 
0.763969, -0.0778541, 
0.792692, -0.0476012, 
0.819, -0.0168651, 
0.842845, 0.0142148, 
0.864187, 0.0454891, 
0.882996, 0.0768006, 
0.899249, 0.107986, 
0.912936, 0.138879, 
0.924052, 0.169312, 
0.932601, 0.19912, 
0.938592, 0.228139, 
0.942042, 0.256216, 
0.942972, 0.283204, 
0.941409, 0.308968, 
0.937385, 0.333386, 
0.930932, 0.356352, 
0.922088, 0.377775, 
0.910894, 0.397581, 
0.897391, 0.415716, 
0.881625, 0.432141, 
0.86364, 0.446837, 
0.843487, 0.459803, 
0.821215, 0.471051, 
0.796877, 0.48061, 
0.770529, 0.488522, 
0.74223, 0.494841, 
0.712042, 0.499629, 
0.68003, 0.502955, 
0.646265, 0.504893, 
0.610821, 0.505519, 
0.573778, 0.50491, 
0.535223, 0.503141, 
0.495245, 0.500283, 
0.453942, 0.496402, 
0.411418, 0.491558, 
0.367781, 0.4858, 
0.323146, 0.479174, 
0.277635, 0.471711, 
0.231373, 0.463437, 
0.184493, 0.454368, 
0.137129, 0.44451, 
0.0894223, 0.433863, 
0.0415153, 0.42242, 
-0.00644604, 0.410165, 
-0.0543142, 0.397083, 
-0.10194, 0.38315, 
-0.149176, 0.368346, 
-0.195874, 0.352647, 
-0.241886, 0.336032, 
-0.28707, 0.318485, 
-0.331284, 0.299992, 
-0.374391, 0.280548, 
-0.416261, 0.260154, 
-0.456766, 0.238821, 
-0.495787, 0.216569, 
-0.533209, 0.193429, 
-0.568929, 0.169444, 
-0.602846, 0.144667, 
-0.634872, 0.119164, 
-0.664925, 0.0930139, 
-0.692931, 0.0663039, 
-0.718827, 0.0391337, 
-0.742557, 0.011612, 
-0.764073, -0.0161438, 
-0.783338, -0.0440092, 
-0.800322, -0.071854, 
-0.815001, -0.0995443, 
-0.827361, -0.126944, 
-0.837394, -0.153916, 
-0.845099, -0.180326, 
-0.850482, -0.206042, 
-0.853552, -0.230939, 
-0.854327, -0.254898, 
-0.852827, -0.27781, 
-0.849075, -0.299574, 
-0.843102, -0.320104, 
-0.834939, -0.339322, 
-0.824621, -0.357169, 
-0.812187, -0.373594, 
-0.797676, -0.388563, 
-0.781132, -0.402056, 
-0.762602, -0.414065, 
-0.742133, -0.424594, 
-0.719777, -0.433659, 
-0.695589, -0.441287, 
-0.669625, -0.447513, 
-0.641947, -0.45238, 
-0.612619, -0.455936, 
-0.58171, -0.458232, 
-0.549292, -0.459325, 
-0.515443, -0.459269, 
-0.480244, -0.45812, 
-0.443783, -0.45593, 
-0.40615, -0.452749, 
-0.367443, -0.448622, 
-0.327762, -0.44359, 
-0.287213, -0.437686, 
-0.245908, -0.430939, 
-0.203961, -0.423371, 
-0.161491, -0.414998, 
-0.11862, -0.405831, 
-0.0754743, -0.395874, 
-0.0321805, -0.385128, 
0.0111315, -0.373588, 
0.0543307, -0.36125, 
0.0972858, -0.348103, 
0.139866, -0.334141, 
0.181939, -0.319353, 
0.223379, -0.303735, 
0.264056, -0.287281, 
0.303849, -0.269994, 
0.342637, -0.251878, 
0.380303, -0.232945, 
0.416736, -0.213214, 
0.451831, -0.192711, 
0.485488, -0.171472, 
0.517612, -0.14954, 
0.548117, -0.126967, 
0.576922, -0.103814, 
0.603954, -0.0801521, 
0.629147, -0.056059, 
0.652443, -0.0316212, 
0.67379, -0.00693199, 
0.693144, 0.0179091, 
0.71047, 0.0427973, 
0.725737, 0.0676242, 
0.738924, 0.0922785, 
0.750013, 0.116648, 
0.758996, 0.140619, 
0.765868, 0.164083, 
0.770632, 0.186932, 
0.773295, 0.209062, 
0.773868, 0.230376, 
0.772367, 0.250785, 
0.768814, 0.270205, 
0.763233, 0.288565, 
0.755651, 0.305801, 
0.7461, 0.321859, 
0.734613, 0.336698, 
0.72123, 0.350285, 
0.70599, 0.362601, 
0.688935, 0.373632, 
0.670113, 0.383379, 
0.649573, 0.391848, 
0.627366, 0.399055, 
0.603548, 0.405023, 
0.578178, 0.40978, 
0.551318, 0.41336, 
0.523034, 0.415799, 
0.493395, 0.417136, 
0.462475, 0.417411, 
0.430352, 0.416665, 
0.397107, 0.414937, 
0.362826, 0.412265, 
0.327599, 0.408683, 
0.291519, 0.404222, 
0.254684, 0.398911, 
0.217195, 0.392774, 
0.179157, 0.385829, 
0.140677, 0.378094, 
0.101866, 0.369581, 
0.0628351, 0.360297, 
0.0236998, 0.350248, 
-0.0154245, 0.339438, 
-0.0544217, 0.327869, 
-0.0931751, 0.31554, 
-0.131568, 0.302454, 
-0.169486, 0.288611, 
-0.206815, 0.274015, 
-0.243442, 0.258672, 
-0.279259, 0.242592, 
-0.31416, 0.225788, 
-0.348043, 0.208278, 
-0.380808, 0.190087, 
-0.412363, 0.171244, 
-0.442619, 0.151787, 
-0.471492, 0.131758, 
-0.498906, 0.111208, 
-0.524787, 0.0901931, 
-0.549072, 0.0687768, 
-0.571699, 0.0470289, 
-0.592617, 0.0250246, 
-0.611778, 0.00284457, 
-0.629142, -0.0194261, 
-0.644675, -0.0416988, 
-0.658349, -0.0638822, 
-0.670142, -0.0858831, 
-0.680037, -0.107608, 
-0.688025, -0.128964, 
-0.694099, -0.149859, 
-0.69826, -0.170204, 
-0.700512, -0.189914, 
-0.700864, -0.208909, 
-0.69933, -0.227115, 
-0.695926, -0.244461, 
-0.690674, -0.260889, 
-0.683599, -0.276343, 
-0.674729, -0.290779, 
-0.664095, -0.304159, 
-0.651732, -0.316454, 
-0.637676, -0.327643, 
-0.62197, -0.337714, 
-0.604655, -0.346661, 
-0.585779, -0.354486, 
-0.565392, -0.361197, 
-0.543546, -0.366808, 
-0.520297, -0.371337, 
-0.495705, -0.374806, 
-0.469831, -0.377242, 
-0.442742, -0.378672, 
-0.414508, -0.379124, 
-0.385201, -0.378629, 
-0.354897, -0.377215, 
-0.323676, -0.374912, 
-0.291622, -0.371746, 
-0.258821, -0.367742, 
-0.225362, -0.362923, 
-0.191338, -0.357309, 
-0.156844, -0.350918, 
-0.121977, -0.343766, 
-0.0868364, -0.335866, 
-0.0515239, -0.327228, 
-0.0161417, -0.317862, 
0.0192069, -0.307775, 
0.0544181, -0.296975, 
0.0893881, -0.285469, 
0.124014, -0.273263, 
0.158192, -0.260367, 
0.191823, -0.246791, 
0.224808, -0.232546, 
0.257049, -0.217649, 
0.288453, -0.202117, 
0.318929, -0.185974, 
0.348391, -0.169247, 
0.376755, -0.151967, 
0.403943, -0.134172, 
0.429881, -0.115903, 
0.4545, -0.0972082, 
0.477735, -0.078139, 
0.499527, -0.0587531, 
0.519825, -0.0391123, 
0.538578, -0.0192828, 
0.555745, 0.000665352, 
0.571289, 0.0206591, 
0.585178, 0.0406227, 
0.597386, 0.0604787, 
0.607893, 0.0801486, 
0.616681, 0.0995538, 
0.623742, 0.118616, 
0.629067, 0.13726, 
0.632657, 0.155409, 
0.634513, 0.172995, 
0.634644, 0.189949, 
0.63306, 0.206209, 
0.629776, 0.221717, 
0.624812, 0.236422, 
0.618188, 0.250278, 
0.609931, 0.263245, 
0.600069, 0.275291, 
0.588635, 0.28639, 
0.575662, 0.29652, 
0.561189, 0.305669, 
0.545257, 0.313829, 
0.52791, 0.320998, 
0.509195, 0.327179, 
0.48916, 0.332378, 
0.46786, 0.336609, 
0.44535, 0.339885, 
0.421689, 0.342223, 
0.396939, 0.343645, 
0.371165, 0.344169, 
0.344435, 0.343819, 
0.316819, 0.342616, 
0.288393, 0.340581, 
0.259232, 0.337737, 
0.229416, 0.334103, 
0.199027, 0.329698, 
0.16815, 0.324539, 
0.13687, 0.318644, 
0.105276, 0.312026, 
0.0734578, 0.304699, 
0.0415063, 0.296675, 
0.00951363, 0.287967, 
-0.0224277, 0.278584, 
-0.054225, 0.268537, 
-0.0857857, 0.257838, 
-0.117018, 0.246499, 
-0.14783, 0.234531, 
-0.178133, 0.221949, 
-0.207839, 0.208771, 
-0.236862, 0.195014, 
-0.26512, 0.180701, 
-0.29253, 0.165856, 
-0.319018, 0.150509, 
-0.344508, 0.134691, 
-0.368931, 0.118439, 
-0.392221, 0.101793, 
-0.414316, 0.0847966, 
-0.435159, 0.0674982, 
-0.454698, 0.0499494, 
-0.472885, 0.0322054, 
-0.489675, 0.0143245, 
-0.505031, -0.00363227, 
-0.518919, -0.0216016, 
-0.53131, -0.0395185, 
-0.54218, -0.0573168, 
-0.551509, -0.0749298, 
-0.559282, -0.0922909, 
-0.565489, -0.109334, 
-0.570124, -0.125995, 
-0.573183, -0.142212, 
-0.574671, -0.157924, 
-0.574591, -0.173075, 
-0.572955, -0.187612, 
-0.569774, -0.201487, 
-0.565067, -0.214655, 
-0.558852, -0.227076, 
-0.551154, -0.238718, 
-0.541998, -0.24955, 
-0.531414, -0.259548, 
-0.519434, -0.268693, 
-0.506095, -0.276973, 
-0.491433, -0.284377, 
-0.475491, -0.290901, 
-0.458311, -0.296544, 
-0.439942, -0.30131, 
-0.420432, -0.305206, 
-0.399834, -0.30824, 
-0.378203, -0.310425, 
-0.355596, -0.311773, 
-0.332074, -0.312301, 
-0.307701, -0.312024, 
-0.282542, -0.310959, 
-0.256666, -0.309122, 
-0.230142, -0.306531, 
-0.203045, -0.303202, 
-0.175447, -0.299151, 
-0.147428, -0.294394, 
-0.119064, -0.288944, 
-0.0904367, -0.282817, 
-0.0616261, -0.276026, 
-0.0327146, -0.268583, 
-0.00378491, -0.260502, 
0.02508, -0.251796, 
0.053797, -0.242476, 
0.0822835, -0.232558, 
0.110457, -0.222054, 
0.138237, -0.210982, 
0.165544, -0.199358, 
0.192298, -0.1872, 
0.218425, -0.17453, 
0.24385, -0.161371, 
0.268501, -0.14775, 
0.292311, -0.133695, 
0.315213, -0.119237, 
0.337145, -0.104412, 
0.358049, -0.0892574, 
0.377869, -0.0738144, 
0.396555, -0.0581267, 
0.414059, -0.042241, 
0.430338, -0.0262066, 
0.445354, -0.0100748, 
0.459071, 0.0061007, 
0.471458, 0.022265, 
0.482491, 0.0383618, 
0.492145, 0.0543344, 
0.500404, 0.0701254, 
0.507254, 0.0856783, 
0.512683, 0.100937, 
0.516688, 0.115846, 
0.519264, 0.130354, 
0.520414, 0.144409, 
0.520143, 0.157962, 
0.518458, 0.17097, 
0.515373, 0.183391, 
0.510902, 0.195185, 
0.505063, 0.20632, 
0.497879, 0.216766, 
0.489372, 0.226495, 
0.479571, 0.235487, 
0.468505, 0.243725, 
0.456208, 0.251193, 
0.442715, 0.257883, 
0.428065, 0.263788, 
0.412298, 0.268906, 
0.395459, 0.273237, 
0.377593, 0.276785, 
0.358749, 0.279554, 
0.338978, 0.281552, 
0.318335, 0.28279, 
0.296876, 0.283277, 
0.274658, 0.283027, 
0.251742, 0.282051, 
0.228192, 0.280362, 
0.204072, 0.277975, 
0.179448, 0.274904, 
0.15439, 0.271161, 
0.128966, 0.266761, 
0.103249, 0.261716, 
0.0773099, 0.256042, 
0.051223, 0.24975, 
0.0250621, 0.242854, 
-0.00109859, 0.235368, 
-0.0271844, 0.227305, 
-0.0531209, 0.218679, 
-0.0788341, 0.209507, 
-0.104251, 0.199803, 
-0.129298, 0.189584, 
-0.153905, 0.17887, 
-0.178002, 0.16768, 
-0.20152, 0.156037, 
-0.224395, 0.143963, 
-0.246563, 0.131486, 
-0.267962, 0.118633, 
-0.288534, 0.105435, 
-0.308224, 0.0919252, 
-0.326979, 0.0781392, 
-0.34475, 0.0641145, 
-0.361492, 0.0498913, 
-0.377162, 0.0355115, 
-0.391722, 0.0210191, 
-0.405136, 0.00645985, 
-0.417373, -0.00811935, 
-0.428406, -0.0226704, 
-0.438211, -0.0371444, 
-0.446768, -0.0514921, 
-0.45406, -0.0656644, 
-0.460074, -0.0796124, 
-0.464802, -0.0932882, 
-0.468237, -0.106645, 
-0.470378, -0.119637, 
-0.471226, -0.132221, 
-0.470785, -0.144356, 
-0.469062, -0.156003, 
-0.46607, -0.167126, 
-0.46182, -0.177693, 
-0.456331, -0.187674, 
-0.449622, -0.197041, 
-0.441716, -0.205773, 
-0.432638, -0.213849, 
-0.422415, -0.221253, 
-0.411079, -0.227972, 
-0.398662, -0.233995, 
-0.385201, -0.239317, 
-0.370733, -0.243933, 
-0.355299, -0.247841, 
-0.338942, -0.251042, 
-0.321708, -0.25354, 
-0.303643, -0.255338, 
-0.284798, -0.256445, 
-0.265225, -0.256866, 
-0.244976, -0.256613, 
-0.224109, -0.255693, 
-0.20268, -0.254119, 
-0.180749, -0.251901, 
-0.158378, -0.249051, 
-0.135627, -0.24558, 
-0.112561, -0.241502, 
-0.0892453, -0.236829, 
-0.0657442, -0.231572, 
-0.0421245, -0.225746, 
-0.0184527, -0.219363, 
0.00520394, -0.212438, 
0.0287785, -0.204983, 
0.0522043, -0.197015, 
0.0754147, -0.188549, 
0.0983442, -0.179602, 
0.120928, -0.170191, 
0.143102, -0.160336, 
0.164805, -0.150056, 
0.185976, -0.139374, 
0.206555, -0.128314, 
0.226487, -0.116901, 
0.245717, -0.105162, 
0.264192, -0.093127, 
0.281864, -0.0808263, 
0.298685, -0.0682931, 
0.314612, -0.0555621, 
0.329604, -0.0426695, 
0.343623, -0.0296533, 
0.356634, -0.0165529, 
0.368607, -0.00340881, 
0.379512, 0.00973754, 
0.389325, 0.0228439, 
0.398025, 0.0358676, 
0.405593, 0.0487659, 
0.412015, 0.0614961, 
0.417279, 0.074016, 
0.421377, 0.086284, 
0.424304, 0.0982599, 
0.426057, 0.109904, 
0.426637, 0.12118, 
0.42605, 0.132052, 
0.424301, 0.142486, 
0.421401, 0.152451, 
0.417363, 0.161919, 
0.412202, 0.170863, 
0.405937, 0.179261, 
0.398587, 0.18709, 
0.390178, 0.194335, 
0.380734, 0.200978, 
0.370285, 0.207009, 
0.35886, 0.212417, 
0.346493, 0.217195, 
0.33322, 0.221338, 
0.319078, 0.224844, 
0.304106, 0.227712, 
0.288348, 0.229942, 
0.271846, 0.231539, 
0.254646, 0.232506, 
0.236797, 0.232849, 
0.218348, 0.232575, 
0.19935, 0.231692, 
0.179855, 0.230209, 
0.159919, 0.228134, 
0.139596, 0.225479, 
0.118944, 0.222253, 
0.0980196, 0.218468, 
0.0768824, 0.214135, 
0.0555913, 0.209266, 
0.0342064, 0.203874, 
0.0127878, 0.197972, 
-0.00860409, 0.191573, 
-0.029909, 0.184691, 
-0.0510669, 0.177342, 
-0.0720182, 0.169541, 
-0.092704, 0.161305, 
-0.113066, 0.152652, 
-0.133048, 0.143601, 
-0.152594, 0.134173, 
-0.17165, 0.124388, 
-0.190163, 0.114269, 
-0.208082, 0.103842, 
-0.22536, 0.0931321, 
-0.241949, 0.0821666, 
-0.257805, 0.0709746, 
-0.272887, 0.0595864, 
-0.287155, 0.0480337, 
-0.300573, 0.0363496, 
-0.313108, 0.0245683, 
-0.324727, 0.0127249, 
-0.335403, 0.000855565, 
-0.345111, -0.011003, 
-0.353829, -0.0228137, 
-0.361537, -0.0345391, 
-0.368218, -0.0461416, 
-0.373861, -0.0575842, 
-0.378454, -0.0688301, 
-0.381989, -0.0798433, 
-0.384463, -0.0905888, 
-0.385873, -0.101033, 
-0.386222, -0.111142, 
-0.385511, -0.120887, 
-0.383749, -0.130238, 
-0.380945, -0.139168, 
-0.37711, -0.147651, 
-0.372258, -0.155665, 
-0.366408, -0.163189, 
-0.359577, -0.170205, 
-0.351788, -0.176696, 
-0.343065, -0.182649, 
-0.333434, -0.188051, 
-0.322924, -0.192894, 
-0.311565, -0.197171, 
-0.29939, -0.200875, 
-0.286435, -0.204004, 
-0.272735, -0.206557, 
-0.258329, -0.208532, 
-0.243258, -0.209932, 
-0.227564, -0.21076, 
-0.211291, -0.211021, 
-0.194485, -0.210718, 
-0.177192, -0.209859, 
-0.15946, -0.208451, 
-0.14134, -0.206503, 
-0.122881, -0.204022, 
-0.104136, -0.201018, 
-0.0851568, -0.197502, 
-0.0659966, -0.193483, 
-0.0467093, -0.188975, 
-0.0273489, -0.183987, 
-0.00796996, -0.178534, 
0.0113733, -0.172627, 
0.0306264, -0.166282, 
0.0497356, -0.159512, 
0.0686472, -0.152334, 
0.0873084, -0.144764, 
0.105667, -0.136819, 
0.123673, -0.128518, 
0.141275, -0.119881, 
0.158426, -0.110928, 
0.175078, -0.101682, 
0.191186, -0.092165, 
0.206707, -0.0824019, 
0.221599, -0.0724183, 
0.235823, -0.0622409, 
0.249341, -0.0518977, 
0.262119, -0.0414175, 
0.274123, -0.0308305, 
0.285323, -0.0201673, 
0.295693, -0.00945949, 
0.305206, 0.00126075, 
0.31384, 0.0119608, 
0.321575, 0.0226079, 
0.328394, 0.033169, 
0.334283, 0.0436113, 
0.339229, 0.0539021, 
0.343223, 0.0640094, 
0.34626, 0.0739018, 
0.348334, 0.0835487, 
0.349444, 0.0929205, 
0.349593, 0.101989, 
0.348782, 0.110727, 
0.34702, 0.11911, 
0.344313, 0.127112, 
0.340674, 0.134713, 
0.336116, 0.141893, 
0.330654, 0.148631, 
0.324307, 0.154913, 
0.317095, 0.160724, 
0.309039, 0.16605, 
0.300165, 0.170882, 
0.290498, 0.175209, 
0.280067, 0.179026, 
0.268903, 0.182327, 
0.257037, 0.185108, 
0.244503, 0.187367, 
0.231337, 0.189104, 
0.217577, 0.190318, 
0.20326, 0.191013, 
0.188427, 0.191191, 
0.173121, 0.190857, 
0.157383, 0.190016, 
0.141257, 0.188674, 
0.12479, 0.186838, 
0.108027, 0.184515, 
0.091015, 0.181715, 
0.0738017, 0.178447, 
0.0564354, 0.174721, 
0.0389647, 0.170547, 
0.0214385, 0.165936, 
0.00390599, 0.160901, 
-0.0135838, 0.155455, 
-0.0309821, 0.14961, 
-0.0482402, 0.143381, 
-0.06531, 0.136784, 
-0.0821441, 0.129834, 
-0.0986959, 0.122548, 
-0.11492, 0.114944, 
-0.130771, 0.10704, 
-0.146205, 0.0988568, 
-0.161182, 0.0904147, 
-0.17566, 0.0817355, 
-0.189601, 0.0728419, 
-0.202967, 0.0637577, 
-0.215723, 0.0545075, 
-0.227836, 0.0451169, 
-0.239274, 0.0356122, 
-0.250008, 0.0260206, 
-0.260012, 0.0163698, 
-0.26926, 0.00668823, 
-0.27773, -0.00299555, 
-0.285402, -0.0126525, 
-0.292258, -0.0222534, 
-0.298283, -0.0317693, 
-0.303463, -0.0411711, 
-0.30779, -0.0504301, 
-0.311253, -0.0595182, 
-0.313848, -0.0684078, 
-0.315571, -0.0770722, 
-0.316421, -0.0854854, 
-0.316399, -0.0936226, 
-0.31551, -0.10146, 
-0.313758, -0.108976, 
-0.311153, -0.116148, 
-0.307705, -0.122959, 
-0.303425, -0.129388, 
-0.298329, -0.135421, 
-0.292433, -0.141043, 
-0.285756, -0.146239, 
-0.278319, -0.150999, 
-0.270144, -0.155314, 
-0.261255, -0.159173, 
-0.251679, -0.162572, 
-0.241443, -0.165504, 
-0.230578, -0.167966, 
-0.219114, -0.169956, 
-0.207084, -0.171472, 
-0.194523, -0.172515, 
-0.181465, -0.173085, 
-0.167948, -0.173186, 
-0.15401, -0.172821, 
-0.139689, -0.171995, 
-0.125027, -0.170712, 
-0.110065, -0.168979, 
-0.0948436, -0.166803, 
-0.0794065, -0.164191, 
-0.0637966, -0.161153, 
-0.0480578, -0.157698, 
-0.0322339, -0.153835, 
-0.0163694, -0.149575, 
-0.000508483, -0.14493, 
0.0153046, -0.139912, 
0.0310257, -0.134533, 
0.0466112, -0.128808, 
0.0620178, -0.12275, 
0.0772028, -0.116376, 
0.0921244, -0.1097, 
0.106742, -0.102741, 
0.121014, -0.0955152, 
0.134904, -0.0880416, 
0.148372, -0.0803398, 
0.161383, -0.07243, 
0.173902, -0.0643333, 
0.185896, -0.0560716, 
0.197333, -0.0476675, 
0.208183, -0.0391445, 
0.218418, -0.0305264, 
0.228013, -0.0218378, 
0.236943, -0.0131038, 
0.245186, -0.00434967, 
0.252722, 0.0043988, 
0.259533, 0.0131158, 
0.265604, 0.0217754, 
0.27092, 0.0303519, 
0.275471, 0.0388195, 
0.279246, 0.047153, 
0.282239, 0.0553276, 
0.284445, 0.0633189, 
0.285861, 0.0711033, 
0.286487, 0.0786582, 
0.286323, 0.0859616, 
0.285374, 0.0929927, 
0.283644, 0.0997319, 
0.281143, 0.106161, 
0.277879, 0.112261, 
0.273864, 0.118018, 
0.269112, 0.123417, 
0.263637, 0.128444, 
0.257459, 0.133088, 
0.250594, 0.137338, 
0.243065, 0.141185, 
0.234894, 0.144621, 
0.226105, 0.147641, 
0.216724, 0.150238, 
0.206777, 0.152411, 
0.196294, 0.154155, 
0.185304, 0.15547, 
0.17384, 0.156356, 
0.161933, 0.156813, 
0.149617, 0.156843, 
0.136927, 0.156451, 
0.123899, 0.155638, 
0.11057, 0.154411, 
0.0969766, 0.152774, 
0.0831573, 0.150734, 
0.069151, 0.148298, 
0.0549968, 0.145474, 
0.0407343, 0.14227, 
0.0264035, 0.138697, 
0.0120442, 0.134764, 
-0.00230337, 0.130481, 
-0.0165994, 0.125861, 
-0.0308041, 0.120915, 
-0.0448782, 0.115657, 
-0.0587827, 0.1101, 
-0.0724793, 0.104258, 
-0.0859303, 0.0981475, 
-0.099099, 0.0917832, 
-0.111949, 0.085182, 
-0.124446, 0.0783614, 
-0.136557, 0.0713395, 
-0.148248, 0.064135, 
-0.159488, 0.0567674, 
-0.170248, 0.049257, 
-0.1805, 0.0416243, 
-0.190216, 0.0338907, 
-0.199372, 0.026078, 
-0.207945, 0.0182084, 
-0.215913, 0.0103044, 
-0.223256, 0.00238883, 
-0.229956, -0.00551529, 
-0.235998, -0.0133849, 
-0.241368, -0.0211969, 
-0.246053, -0.0289283, 
-0.250043, -0.0365565, 
-0.25333, -0.0440589, 
-0.255908, -0.0514137, 
-0.257773, -0.0585993, 
-0.258922, -0.0655949, 
-0.259355, -0.0723805, 
-0.259074, -0.0789367, 
-0.258082, -0.0852451, 
-0.256384, -0.0912883, 
-0.253989, -0.0970498, 
-0.250904, -0.102514, 
-0.24714, -0.107668, 
-0.242711, -0.112497, 
-0.237631, -0.11699, 
-0.231916, -0.121136, 
-0.225583, -0.124927, 
-0.218651, -0.128353, 
-0.211142, -0.131407, 
-0.203077, -0.134085, 
-0.19448, -0.136381, 
-0.185377, -0.138291, 
-0.175793, -0.139813, 
-0.165756, -0.140947, 
-0.155295, -0.141691, 
-0.144439, -0.142046, 
-0.13322, -0.142015, 
-0.121669, -0.141598, 
-0.109819, -0.140801, 
-0.0977026, -0.139626, 
-0.0853548, -0.13808, 
-0.0728101, -0.136167, 
-0.0601035, -0.133895, 
-0.0472706, -0.131271, 
-0.0343474, -0.128302, 
-0.0213699, -0.124999, 
-0.00837422, -0.121369, 
0.00460339, -0.117423, 
0.0175269, -0.113172, 
0.0303606, -0.108628, 
0.0430689, -0.103802, 
0.0556168, -0.0987079, 
0.0679699, -0.0933585, 
0.0800942, -0.0877684, 
0.0919568, -0.0819522, 
0.103525, -0.0759255, 
0.114769, -0.0697044, 
0.125656, -0.0633058, 
0.136159, -0.0567469, 
0.14625, -0.0500457, 
0.155901, -0.0432207, 
0.165088, -0.0362906, 
0.173786, -0.0292751, 
0.181974, -0.0221937, 
0.189631, -0.0150666, 
0.196737, -0.00791409, 
0.203275, -0.000756715, 
0.209228, 0.00638491, 
0.214584, 0.0134901, 
0.219328, 0.0205384, 
0.223452, 0.0275092, 
0.226945, 0.0343823, 
0.2298, 0.0411379, 
0.232013, 0.0477564, 
0.233579, 0.0542188, 
0.234497, 0.0605066, 
0.234767, 0.0666021, 
0.23439, 0.0724882, 
0.23337, 0.0781484, 
0.231712, 0.0835675, 
0.229424, 0.0887307, 
0.226512, 0.0936245, 
0.222988, 0.0982362, 
0.218863, 0.102554, 
0.214151, 0.106568, 
0.208866, 0.110268, 
0.203025, 0.113645, 
0.196646, 0.116692, 
0.189747, 0.119404, 
0.182348, 0.121774, 
0.174473, 0.123798, 
0.166143, 0.125473, 
0.157383, 0.126796, 
0.148218, 0.127767, 
0.138675, 0.128385, 
0.12878, 0.12865, 
0.118561, 0.128564, 
0.108048, 0.128129, 
0.097271, 0.127348, 
0.0862595, 0.126225, 
0.0750448, 0.124765, 
0.0636585, 0.122972, 
0.0521324, 0.120853, 
0.0404988, 0.118416, 
0.0287903, 0.115666, 
0.0170395, 0.112613, 
0.005279, 0.109265, 
-0.00645841, 0.105632, 
-0.0181402, 0.101723, 
-0.0297342, 0.0975503, 
-0.0412083, 0.0931243, 
-0.0525311, 0.0884573, 
-0.0636714, 0.0835618, 
-0.0745989, 0.0784511, 
-0.0852839, 0.0731389, 
-0.0956973, 0.0676397, 
-0.105811, 0.0619684, 
-0.115598, 0.0561404, 
-0.125033, 0.0501718, 
-0.134089, 0.0440789, 
-0.142744, 0.0378785, 
-0.150975, 0.0315881, 
-0.15876, 0.0252252, 
-0.16608, 0.0188076, 
-0.172915, 0.0123537, 
-0.17925, 0.00588156, 
-0.185067, -0.00059017, 
-0.190354, -0.00704304, 
-0.195097, -0.0134585, 
-0.199285, -0.0198183, 
-0.202909, -0.026104, 
-0.205962, -0.0322976, 
-0.208436, -0.0383815, 
-0.210328, -0.0443383, 
-0.211634, -0.050151, 
-0.212353, -0.0558033, 
-0.212486, -0.0612794, 
-0.212033, -0.0665641, 
-0.210998, -0.0716429, 
-0.209387, -0.076502, 
-0.207205, -0.0811285, 
-0.204461, -0.0855103, 
-0.201164, -0.089636, 
-0.197326, -0.0934953, 
-0.192957, -0.0970787, 
-0.188073, -0.100378, 
-0.182688, -0.103384, 
-0.176818, -0.106092, 
-0.170482, -0.108496, 
-0.163697, -0.11059, 
-0.156484, -0.11237, 
-0.148864, -0.113835, 
-0.140859, -0.11498, 
-0.132492, -0.115807, 
-0.123787, -0.116312, 
-0.114769, -0.116499, 
-0.105463, -0.116367, 
-0.0958973, -0.115918, 
-0.0860972, -0.115156, 
-0.0760909, -0.114083, 
-0.0659067, -0.112705, 
-0.0555731, -0.111026, 
-0.0451191, -0.109051, 
-0.0345739, -0.106788, 
-0.023967, -0.104242, 
-0.0133279, -0.101422, 
-0.00268628, -0.0983358, 
0.00792848, -0.0949921, 
0.018487, -0.0914004, 
0.0289601, -0.0875707, 
0.039319, -0.0835137, 
0.0495353, -0.0792405, 
0.059581, -0.0747628, 
0.0694288, -0.0700928, 
0.079052, -0.0652435, 
0.0884246, -0.060228, 
0.0975213, -0.05506, 
0.106318, -0.0497539, 
0.114791, -0.0443243, 
0.122918, -0.0387862, 
0.130678, -0.0331549, 
0.13805, -0.0274463, 
0.145016, -0.0216764, 
0.151557, -0.0158612, 
0.157657, -0.0100174, 
0.163301, -0.00416131, 
0.168475, 0.00169033, 
0.173166, 0.00752091, 
0.177363, 0.0133139, 
0.181057, 0.0190527, 
0.184239, 0.024721, 
0.186902, 0.0303029, 
0.189041, 0.0357823, 
0.190651, 0.041144, 
0.191731, 0.0463728, 
0.19228, 0.0514542, 
0.192297, 0.056374, 
0.191785, 0.0611188, 
0.190747, 0.0656757, 
0.189187, 0.0700324, 
0.187112, 0.0741774, 
0.18453, 0.0780998, 
0.181449, 0.0817897, 
0.177879, 0.0852377, 
0.173831, 0.0884353, 
0.169319, 0.0913748, 
0.164356, 0.0940495, 
0.158958, 0.0964533, 
0.15314, 0.0985809, 
0.146919, 0.100428, 
0.140315, 0.101991, 
0.133345, 0.103268, 
0.126032, 0.104256, 
0.118395, 0.104953, 
0.110456, 0.105361, 
0.102239, 0.105479, 
0.0937667, 0.105309, 
0.0850631, 0.104851, 
0.076153, 0.10411, 
0.0670615, 0.103087, 
0.0578142, 0.101788, 
0.0484372, 0.100216, 
0.0389567, 0.0983764, 
0.0293991, 0.0962758, 
0.0197912, 0.0939203, 
0.0101597, 0.0913169, 
0.000531362, 0.0884733, 
-0.00906723, 0.0853977, 
-0.0186095, 0.0820988, 
-0.0280693, 0.0785859, 
-0.0374204, 0.074869, 
-0.0466375, 0.0709583, 
-0.0556953, 0.0668647, 
-0.0645691, 0.0625995, 
-0.0732351, 0.0581745, 
-0.0816698, 0.053602, 
-0.0898506, 0.0488946, 
-0.0977556, 0.0440653, 
-0.105364, 0.0391275, 
-0.112656, 0.034095, 
-0.119611, 0.0289818, 
-0.126213, 0.0238023, 
-0.132443, 0.0185709, 
-0.138287, 0.0133023, 
-0.143729, 0.00801136, 
-0.148756, 0.00271303, 
-0.153355, -0.00257775, 
-0.157515, -0.00784601, 
-0.161226, -0.0130769, 
-0.16448, -0.0182555, 
-0.16727, -0.0233674, 
-0.169589, -0.0283981, 
-0.171432, -0.0333335, 
-0.172797, -0.0381598, 
-0.173681, -0.0428635, 
-0.174084, -0.0474317, 
-0.174006, -0.0518518, 
-0.17345, -0.0561117, 
-0.172417, -0.0602001, 
-0.170914, -0.0641059, 
-0.168945, -0.0678188, 
-0.166518, -0.0713293, 
-0.163641, -0.0746283, 
-0.160323, -0.0777076, 
-0.156576, -0.0805595, 
-0.152409, -0.0831772, 
-0.147837, -0.0855545, 
-0.142874, -0.0876861, 
-0.137533, -0.0895674, 
-0.131831, -0.0911943, 
-0.125785, -0.0925638, 
-0.119413, -0.0936733, 
-0.112732, -0.0945211, 
-0.105763, -0.0951063, 
-0.0985247, -0.0954286, 
-0.0910386, -0.0954883, 
-0.0833258, -0.0952864, 
-0.0754083, -0.0948248, 
-0.0673085, -0.0941059, 
-0.0590493, -0.0931325, 
-0.0506539, -0.0919085, 
-0.042146, -0.0904379, 
-0.0335492, -0.0887258, 
-0.0248878, -0.0867775, 
-0.0161857, -0.084599, 
-0.00746727, -0.0821968, 
0.00124343, -0.0795781, 
0.00992228, -0.0767504, 
0.0185453, -0.0737219, 
0.0270889, -0.0705012, 
0.0355296, -0.0670974, 
0.0438443, -0.0635201, 
0.0520104, -0.0597792, 
0.0600058, -0.0558852, 
0.0678088, -0.051849, 
0.0753985, -0.0476819, 
0.0827545, -0.0433953, 
0.0898573, -0.0390013, 
0.0966881, -0.034512, 
0.103229, -0.0299401, 
0.109462, -0.0252983, 
0.115372, -0.0205996, 
0.120944, -0.0158572, 
0.126163, -0.0110843, 
0.131016, -0.00629449, 
0.135491, -0.0015011, 
0.139576, 0.00328236, 
0.143263, 0.00804241, 
0.146542, 0.0127657, 
0.149406, 0.0174389, 
0.151848, 0.022049, 
0.153863, 0.0265831, 
0.155448, 0.0310285, 
0.156598, 0.0353729, 
0.157313, 0.0396043, 
0.157593, 0.0437111, 
0.157437, 0.0476821, 
0.156849, 0.0515066, 
0.15583, 0.0551742, 
0.154386, 0.0586753, 
0.152522, 0.0620006, 
0.150244, 0.0651416, 
0.14756, 0.0680902, 
0.144479, 0.0708391, 
0.14101, 0.0733814, 
0.137165, 0.075711, 
0.132955, 0.0778225, 
0.128392, 0.079711, 
0.123491, 0.0813724, 
0.118267, 0.0828031, 
0.112733, 0.0840003, 
0.106908, 0.084962, 
0.100807, 0.0856864, 
0.0944479, 0.0861728, 
0.0878495, 0.086421, 
0.0810305, 0.0864313, 
0.0740104, 0.0862047, 
0.0668091, 0.085743, 
0.0594469, 0.0850483, 
0.0519448, 0.0841234, 
0.0443238, 0.0829718, 
0.0366052, 0.0815974, 
0.0288108, 0.0800046, 
0.0209623, 0.0781986, 
0.0130816, 0.0761848, 
0.00519039, 0.0739694, 
-0.0026893, 0.071559, 
-0.0105358, 0.0689605, 
-0.0183274, 0.0661814, 
-0.0260428, 0.0632298, 
-0.0336608, 0.060114, 
-0.0411607, 0.0568429, 
-0.0485222, 0.0534257, 
-0.0557252, 0.0498719, 
-0.0627503, 0.0461916, 
-0.0695787, 0.042395, 
-0.0761922, 0.0384928, 
-0.0825731, 0.0344959, 
-0.0887046, 0.0304154, 
-0.0945706, 0.0262629, 
-0.100156, 0.0220498, 
-0.105445, 0.017788, 
-0.110426, 0.0134894, 
-0.115086, 0.0091662, 
-0.119411, 0.00483035, 
-0.123393, 0.000494083, 
-0.127021, -0.00383046, 
-0.130286, -0.00813118, 
-0.133181, -0.012396, 
-0.135699, -0.0166131, 
-0.137834, -0.0207706, 
-0.139581, -0.0248571, 
-0.140938, -0.0288611, 
-0.141903, -0.0327717, 
-0.142472, -0.0365782, 
-0.142648, -0.0402701, 
-0.14243, -0.0438374, 
-0.14182, -0.0472705, 
-0.140822, -0.0505604, 
-0.139439, -0.0536982, 
-0.137677, -0.0566758, 
-0.135541, -0.0594855, 
-0.13304, -0.0621201, 
-0.13018, -0.064573, 
-0.126972, -0.0668383, 
-0.123425, -0.0689103, 
-0.119549, -0.0707842, 
-0.115357, -0.0724557, 
-0.110861, -0.0739212, 
-0.106075, -0.0751774, 
-0.101012, -0.076222, 
-0.0956873, -0.0770529, 
-0.0901166, -0.0776688, 
-0.0843159, -0.0780691, 
-0.0783018, -0.0782535, 
-0.0720915, -0.0782225, 
-0.0657028, -0.0779771, 
-0.0591538, -0.0775188, 
-0.052463, -0.0768497, 
-0.0456495, -0.0759725, 
-0.0387323, -0.0748903, 
-0.0317308, -0.0736068, 
-0.0246646, -0.0721261, 
-0.0175535, -0.070453, 
-0.0104173, -0.0685925, 
-0.00327568, -0.0665504, 
0.00385154, -0.0643326, 
0.0109447, -0.0619457, 
0.0179843, -0.0593966, 
0.0249511, -0.0566927, 
0.031826, -0.0538416, 
0.0385902, -0.0508516, 
0.0452255, -0.0477311, 
0.0517139, -0.0444888, 
0.0580379, -0.041134, 
0.0641806, -0.0376761, 
0.0701255, -0.0341247, 
0.075857, -0.0304898, 
0.0813599, -0.0267817, 
0.0866197, -0.0230107, 
0.0916227, -0.0191874, 
0.0963561, -0.0153225, 
0.100807, -0.0114268, 
0.104966, -0.00751125, 
0.10882, -0.00358675, 
0.112362, 0.000335692, 
0.115581, 0.00424512, 
0.118471, 0.00813063, 
0.121024, 0.0119814, 
0.123235, 0.0157867, 
0.125099, 0.019536, 
0.126611, 0.0232189, 
0.12777, 0.0268253, 
0.128572, 0.0303453, 
0.129017, 0.0337693, 
0.129106, 0.037088, 
0.128838, 0.0402924, 
0.128216, 0.043374, 
0.127243, 0.0463246, 
0.125923, 0.0491364, 
0.124261, 0.051802, 
0.122261, 0.0543147, 
0.119932, 0.056668, 
0.11728, 0.058856, 
0.114314, 0.0608733, 
0.111043, 0.0627151, 
0.107476, 0.064377, 
0.103626, 0.0658551, 
0.0995026, 0.0671462, 
0.0951189, 0.0682476, 
0.0904875, 0.0691569, 
0.0856221, 0.0698726, 
0.0805367, 0.0703935, 
0.075246, 0.0707189, 
0.0697654, 0.0708489, 
0.0641104, 0.0707838, 
0.0582971, 0.0705247, 
0.0523422, 0.0700729, 
0.0462625, 0.0694305, 
0.0400751, 0.0686, 
0.0337975, 0.0675842, 
0.0274472, 0.0663866, 
0.021042, 0.0650111, 
0.0145998, 0.063462, 
0.00813839, 0.061744, 
0.00167581, 0.0598625, 
-0.00477013, 0.0578229, 
-0.0111817, 0.0556312, 
-0.0175412, 0.053294, 
-0.0238313, 0.0508178, 
-0.0300348, 0.0482099, 
-0.0361349, 0.0454777, 
-0.042115, 0.042629, 
-0.0479589, 0.0396718, 
-0.053651, 0.0366146, 
-0.059176, 0.0334659, 
-0.0645193, 0.0302345, 
-0.0696666, 0.0269297, 
-0.0746044, 0.0235606, 
-0.0793197, 0.0201368, 
-0.0838003, 0.0166677, 
-0.0880346, 0.0131632, 
-0.0920117, 0.00963305, 
-0.0957216, 0.00608709, 
-0.0991549, 0.00253524, 
-0.102303, -0.00101258, 
-0.105159, -0.00454649, 
-0.107714, -0.00805667, 
-0.109964, -0.0115334, 
-0.111904, -0.014967, 
-0.113528, -0.018348, 
-0.114834, -0.0216671, 
-0.115819, -0.0249152, 
-0.116481, -0.0280834, 
-0.11682, -0.0311632, 
-0.116836, -0.0341462, 
-0.11653, -0.0370243, 
-0.115904, -0.03979, 
-0.11496, -0.0424359, 
-0.113703, -0.0449551, 
-0.112137, -0.0473409, 
-0.110268, -0.0495873, 
-0.1081, -0.0516886, 
-0.105642, -0.0536395, 
-0.102902, -0.0554353, 
-0.0998865, -0.0570714, 
-0.0966062, -0.0585441, 
-0.0930705, -0.0598501, 
-0.0892901, -0.0609862, 
-0.0852762, -0.0619503, 
-0.0810406, -0.0627402, 
-0.0765955, -0.0633545, 
-0.071954, -0.0637923, 
-0.0671295, -0.0640531, 
-0.0621358, -0.0641369, 
-0.0569872, -0.0640441, 
-0.0516984, -0.0637757, 
-0.0462845, -0.0633331, 
-0.0407607, -0.0627181, 
-0.0351427, -0.0619331, 
-0.0294462, -0.0609808, 
-0.0236872, -0.0598643, 
-0.0178817, -0.0585874, 
-0.0120461, -0.057154, 
-0.00619643, -0.0555684, 
-0.000348943, -0.0538356, 
0.00548022, -0.0519606, 
0.011275, -0.0499491, 
0.0170196, -0.0478068, 
0.0226981, -0.04554, 
0.0282952, -0.0431553, 
0.0337957, -0.0406594, 
0.0391846, -0.0380596, 
0.0444474, -0.0353631, 
0.0495701, -0.0325777, 
0.0545389, -0.0297112, 
0.0593405, -0.0267717, 
0.0639624, -0.0237675, 
0.0683923, -0.0207071, 
0.0726187, -0.0175989, 
0.0766305, -0.0144518, 
0.0804174, -0.0112745, 
0.0839697, -0.00807593, 
0.0872784, -0.00486504, 
0.0903353, -0.00165076, 
0.0931327, 0.00155795, 
0.0956638, 0.00475218, 
0.0979225, 0.00792307, 
0.0999037, 0.0110619, 
0.101603, 0.0141599, 
0.103016, 0.0172086, 
0.10414, 0.0201996, 
0.104974, 0.0231248, 
0.105515, 0.0259763, 
0.105764, 0.0287462, 
0.10572, 0.0314272, 
0.105385, 0.034012, 
0.104761, 0.0364939, 
0.103851, 0.0388661, 
0.102657, 0.0411227, 
0.101184, 0.0432576, 
0.0994372, 0.0452654, 
0.0974224, 0.0471411, 
0.0951459, 0.0488799, 
0.0926147, 0.0504775, 
0.0898368, 0.0519302, 
0.0868205, 0.0532343, 
0.083575, 0.054387, 
0.0801099, 0.0553856, 
0.0764355, 0.0562281, 
0.0725626, 0.0569127, 
0.0685025, 0.0574381, 
0.064267, 0.0578035, 
0.0598682, 0.0580087, 
0.055319, 0.0580535, 
0.0506322, 0.0579386, 
0.0458213, 0.0576647, 
0.0408998, 0.0572334, 
0.0358818, 0.0566463, 
0.0307813, 0.0559056, 
0.0256128, 0.0550138, 
0.0203906, 0.0539739, 
0.0151294, 0.0527893, 
0.00984384, 0.0514637, 
0.00454854, 0.0500011, 
-0.000741828, 0.0484059, 
-0.00601267, 0.046683, 
-0.0112495, 0.0448374, 
-0.0164379, 0.0428745, 
-0.0215639, 0.0408, 
-0.0266133, 0.03862, 
-0.0315725, 0.0363407, 
-0.0364281, 0.0339686, 
-0.041167, 0.0315105, 
-0.0457765, 0.0289733, 
-0.0502444, 0.0263643, 
-0.0545587, 0.0236908, 
-0.0587081, 0.0209604, 
-0.0626816, 0.0181807, 
-0.0664689, 0.0153596, 
-0.0700601, 0.0125049, 
-0.0734459, 0.00962465, 
-0.0766179, 0.0067269, 
-0.0795678, 0.00381973, 
-0.0822883, 0.000911217, 
-0.0847728, -0.00199054, 
-0.0870151, -0.00487751, 
-0.0890099, -0.0077417, 
-0.0907526, -0.0105752, 
-0.0922392, -0.0133702, 
-0.0934664, -0.0161191, 
-0.0944319, -0.0188143, 
-0.0951338, -0.0214486, 
-0.095571, -0.0240146, 
-0.0957434, -0.0265057, 
-0.0956513, -0.028915, 
-0.0952959, -0.0312361, 
-0.094679, -0.0334629, 
-0.0938032, -0.0355895, 
-0.0926718, -0.0376104, 
-0.0912888, -0.0395203, 
-0.0896589, -0.0413144, 
-0.0877873, -0.0429881, 
-0.08568, -0.0445372, 
-0.0833436, -0.0459579, 
-0.0807852, -0.0472468, 
-0.0780127, -0.0484008, 
-0.0750344, -0.0494173, 
-0.0718592, -0.050294, 
-0.0684964, -0.0510289, 
-0.064956, -0.0516207, 
-0.0612482, -0.0520683, 
-0.0573838, -0.0523709, 
-0.0533741, -0.0525283, 
-0.0492304, -0.0525407, 
-0.0449646, -0.0524084, 
-0.0405889, -0.0521325, 
-0.0361158, -0.0517142, 
-0.0315578, -0.0511551, 
-0.0269278, -0.0504573, 
-0.0222389, -0.0496231, 
-0.0175041, -0.0486554, 
-0.0127366, -0.0475572, 
-0.00794978, -0.0463319, 
-0.00315683, -0.0449833, 
0.00162899, -0.0435155, 
0.00639447, -0.0419329, 
0.0111265, -0.0402401, 
0.0158122, -0.0384421, 
0.0204387, -0.0365443, 
0.0249935, -0.0345519, 
0.0294642, -0.0324709, 
0.0338387, -0.0303071, 
0.0381053, -0.0280668, 
0.0422526, -0.0257562, 
0.0462694, -0.0233821, 
0.0501452, -0.020951, 
0.0538697, -0.0184698, 
0.0574332, -0.0159456, 
0.0608263, -0.0133853, 
0.0640402, -0.0107962, 
0.0670667, -0.0081856, 
0.0698981, -0.00556066, 
0.0725272, -0.00292875, 
0.0749475, -0.000297174, 
0.0771529, 0.00232676, 
0.0791381, 0.0049358, 
0.0808985, 0.00752274, 
0.0824299, 0.0100805, 
0.0837288, 0.0126019, 
0.0847926, 0.0150803, 
0.0856189, 0.0175087, 
0.0862065, 0.0198807, 
0.0865545, 0.0221898, 
0.0866627, 0.0244297, 
0.0865316, 0.0265946, 
0.0861624, 0.0286786, 
0.085557, 0.0306763, 
0.0847178, 0.0325823, 
0.0836479, 0.0343918, 
0.082351, 0.0361, 
0.0808315, 0.0377026, 
0.0790942, 0.0391956, 
0.0771447, 0.0405751, 
0.0749891, 0.0418379, 
0.072634, 0.0429808, 
0.0700864, 0.0440012, 
0.0673542, 0.0448967, 
0.0644454, 0.0456653, 
0.0613685, 0.0463054, 
0.0581327, 0.0468156, 
0.0547473, 0.0471952, 
0.0512223, 0.0474434, 
0.0475676, 0.0475602, 
0.0437939, 0.0475456, 
0.0399119, 0.0474002, 
0.0359327, 0.0471249, 
0.0318676, 0.0467209, 
0.027728, 0.0461898, 
0.0235257, 0.0455334, 
0.0192723, 0.044754, 
0.0149799, 0.0438541, 
0.0106603, 0.0428366, 
0.00632561, 0.0417047, 
0.00198783, 0.0404619, 
-0.00234108, 0.0391118, 
-0.00664919, 0.0376586, 
-0.0109247, 0.0361065, 
-0.0151558, 0.0344602, 
-0.0193312, 0.0327243, 
-0.0234393, 0.030904, 
-0.0274691, 0.0290044, 
-0.0314097, 0.0270311, 
-0.0352505, 0.0249897, 
-0.0389813, 0.022886, 
-0.0425921, 0.0207259, 
-0.0460734, 0.0185156, 
-0.049416, 0.0162613, 
-0.0526111, 0.0139693, 
-0.0556503, 0.0116462, 
-0.058526, 0.00929833, 
-0.0612305, 0.00693233, 
-0.0637571, 0.00455479, 
-0.0660994, 0.00217233, 
-0.0682516, -0.000208442, 
-0.0702083, -0.00258093, 
-0.0719649, -0.00493859, 
-0.0735171, -0.00727491, 
-0.0748614, -0.00958349, 
-0.0759948, -0.011858, 
-0.0769148, -0.0140922, 
-0.0776197, -0.0162801, 
-0.0781082, -0.0184157, 
-0.0783798, -0.0204933, 
-0.0784344, -0.0225073, 
-0.0782725, -0.0244523, 
-0.0778955, -0.0263232, 
-0.077305, -0.0281149, 
-0.0765033, -0.029823, 
-0.0754935, -0.0314428, 
-0.0742789, -0.0329702, 
-0.0728636, -0.0344013, 
-0.0712522, -0.0357326, 
-0.0694498, -0.0369606, 
-0.0674619, -0.0380824, 
-0.0652946, -0.0390953, 
-0.0629546, -0.0399969, 
-0.0604488, -0.040785, 
-0.0577847, -0.041458, 
-0.0549702, -0.0420144, 
-0.0520134, -0.042453, 
-0.048923, -0.0427733, 
-0.045708, -0.0429745, 
-0.0423776, -0.0430568, 
-0.0389414, -0.0430202, 
-0.0354092, -0.0428653, 
-0.0317911, -0.042593, 
-0.0280972, -0.0422043, 
-0.0243381, -0.0417008, 
-0.0205243, -0.0410843, 
-0.0166665, -0.0403568, 
-0.0127756, -0.0395207, 
-0.00886226, -0.0385786, 
-0.00493746, -0.0375335, 
-0.00101205, -0.0363886, 
0.00290315, -0.0351473, 
0.00679735, -0.0338134, 
0.0106599, -0.0323908, 
0.0144802, -0.0308837, 
0.0182479, -0.0292964, 
0.0219527, -0.0276337, 
0.0255846, -0.0259002, 
0.0291339, -0.024101, 
0.032591, -0.0222412, 
0.0359467, -0.0203261, 
0.039192, -0.0183611, 
0.0423184, -0.0163519, 
0.0453177, -0.014304, 
0.0481819, -0.0122233, 
0.0509037, -0.0101156, 
0.0534759, -0.00798671, 
0.0558921, -0.00584268, 
0.058146, -0.00368947, 
0.060232, -0.00153304, 
0.062145, 0.000620617, 
0.0638801, 0.00276555, 
0.0654333, 0.00489584, 
0.0668009, 0.00700564, 
0.0679796, 0.00908915, 
0.068967, 0.0111407, 
0.0697609, 0.0131547, 
0.0703598, 0.0151256, 
0.0707628, 0.0170482, 
0.0709692, 0.0189173, 
0.0709794, 0.0207279, 
0.0707938, 0.0224751, 
0.0704136, 0.0241544, 
0.0698407, 0.0257612, 
0.0690771, 0.0272915, 
0.0681256, 0.0287412, 
0.0669895, 0.0301066, 
0.0656725, 0.0313842, 
0.0641789, 0.0325709, 
0.0625133, 0.0336636, 
0.060681, 0.0346596, 
0.0586874, 0.0355567, 
0.0565387, 0.0363526, 
0.0542413, 0.0370455, 
0.051802, 0.0376339, 
0.0492279, 0.0381166, 
0.0465267, 0.0384926, 
0.0437061, 0.0387612, 
0.0407744, 0.0389221, 
0.03774, 0.0389753, 
0.0346116, 0.0389209, 
0.0313981, 0.0387596, 
0.0281087, 0.038492, 
0.0247526, 0.0381194, 
0.0213395, 0.0376432, 
0.0178787, 0.0370648, 
0.0143802, 0.0363864, 
0.0108535, 0.0356102, 
0.00730866, 0.0347384, 
0.00375538, 0.033774, 
0.000203529, 0.0327198, 
-0.0033371, 0.0315789, 
-0.00685678, 0.0303549, 
-0.0103459, 0.0290514, 
-0.0137948, 0.0276721, 
-0.0171943, 0.0262211, 
-0.020535, 0.0247026, 
-0.0238079, 0.023121, 
-0.0270043, 0.0214809, 
-0.0301156, 0.0197869, 
-0.0331334, 0.0180438, 
-0.0360498, 0.0162567, 
-0.0388571, 0.0144305, 
-0.0415477, 0.0125704, 
-0.0441148, 0.0106817, 
-0.0465517, 0.00876969, 
-0.048852, 0.00683965, 
-0.0510099, 0.004897, 
-0.05302, 0.00294716, 
-0.054877, 0.000995525, 
-0.0565766, -0.000952484, 
-0.0581144, -0.00289149, 
-0.0594868, -0.00481617, 
-0.0606906, -0.00672122, 
-0.061723, -0.00860143, 
-0.0625818, -0.0104517, 
-0.0632651, -0.0122669, 
-0.0637718, -0.0140423, 
-0.0641008, -0.0157729, 
-0.0642521, -0.0174543, 
-0.0642257, -0.0190817, 
-0.0640224, -0.0206511, 
-0.0636432, -0.0221581, 
-0.0630898, -0.0235988, 
-0.0623643, -0.0249695, 
-0.0614693, -0.0262667, 
-0.0604079, -0.0274869, 
-0.0591834, -0.0286272, 
-0.0577999, -0.0296845, 
-0.0562616, -0.0306564, 
-0.0545733, -0.0315403, 
-0.0527402, -0.0323343, 
-0.0507678, -0.0330364, 
-0.048662, -0.0336449, 
-0.046429, -0.0341587, 
-0.0440755, -0.0345765, 
-0.0416082, -0.0348976, 
-0.0390344, -0.0351215, 
-0.0363615, -0.0352478, 
-0.0335972, -0.0352766, 
-0.0307494, -0.0352081, 
-0.0278263, -0.0350428, 
-0.0248361, -0.0347817, 
-0.0217874, -0.0344256, 
-0.0186887, -0.0339759, 
-0.0155487, -0.0334341, 
-0.0123763, -0.0328021, 
-0.00918027, -0.0320819, 
-0.00596951, -0.0312758, 
-0.00275294, -0.0303862, 
0.000460549, -0.0294158, 
0.0036621, -0.0283677, 
0.00684292, -0.027245, 
0.00999431, -0.0260508, 
0.0131077, -0.0247889, 
0.0161745, -0.0234628, 
0.0191865, -0.0220764, 
0.0221356, -0.0206337, 
0.0250138, -0.0191388, 
0.0278135, -0.0175961, 
0.0305271, -0.0160099, 
0.0331474, -0.0143847, 
0.0356676, -0.0127252, 
0.038081, -0.0110359, 
0.0403814, -0.00932174, 
0.0425627, -0.00758743, 
0.0446193, -0.00583785, 
0.046546, -0.00407786, 
0.0483379, -0.00231237, 
0.0499905, -0.000546278, 
0.0514997, 0.00121554, 
0.0528619, 0.00296822, 
0.0540737, 0.00470695, 
0.0551324, 0.00642695, 
0.0560355, 0.00812353, 
0.0567811, 0.00979206, 
0.0573676, 0.011428, 
0.057794, 0.013027, 
0.0580596, 0.0145847, 
0.0581642, 0.0160969, 
0.0581082, 0.0175596, 
0.0578921, 0.0189689, 
0.0575171, 0.0203212, 
0.0569848, 0.0216127, 
0.0562971, 0.0228403, 
0.0554566, 0.0240007, 
0.0544659, 0.0250909, 
0.0533284, 0.0261082, 
0.0520477, 0.02705, 
0.0506277, 0.0279139, 
0.0490729, 0.028698, 
0.0473879, 0.0294002, 
0.0455779, 0.030019, 
0.0436483, 0.0305529, 
0.0416047, 0.0310007, 
0.0394532, 0.0313616, 
0.0372, 0.0316348, 
0.0348518, 0.0318199, 
0.0324153, 0.0319167, 
0.0298975, 0.0319252, 
0.0273056, 0.0318457, 
0.024647, 0.0316787, 
0.0219292, 0.0314251, 
0.01916, 0.0310857, 
0.0163472, 0.0306619, 
0.0134986, 0.030155, 
0.0106222, 0.0295668, 
0.00772608, 0.028899, 
0.00481827, 0.028154, 
0.00190682, 0.0273338, 
-0.00100022, 0.0264411, 
-0.00389484, 0.0254785, 
-0.00676911, 0.0244489, 
-0.00961516, 0.0233553, 
-0.0124252, 0.022201, 
-0.0151917, 0.0209893, 
-0.017907, 0.0197238, 
-0.0205639, 0.018408, 
-0.0231553, 0.0170458, 
-0.0256742, 0.0156411, 
-0.0281139, 0.0141979, 
-0.0304679, 0.0127202, 
-0.03273, 0.0112123, 
-0.0348943, 0.00967844, 
-0.0369551, 0.00812286, 
-0.0389072, 0.00654997, 
-0.0407455, 0.00496416, 
-0.0424652, 0.00336984, 
-0.0440621, 0.00177145, 
-0.0455321, 0.000173425, 
-0.0468717, -0.00141983, 
-0.0480776, -0.00300393, 
-0.0491468, -0.00457451, 
-0.050077, -0.00612728, 
-0.0508659, -0.007658, 
-0.051512, -0.00916251, 
-0.0520139, -0.0106367, 
-0.0523706, -0.0120767, 
-0.0525818, -0.0134785, 
-0.0526473, -0.0148384, 
-0.0525674, -0.0161529, 
-0.0523429, -0.0174183, 
-0.0519748, -0.0186314, 
-0.0514646, -0.0197891, 
-0.0508142, -0.0208882, 
-0.0500259, -0.0219259, 
-0.0491022, -0.0228997, 
-0.0480463, -0.023807, 
-0.0468614, -0.0246456, 
-0.0455513, -0.0254133, 
-0.04412, -0.0261083, 
-0.0425717, -0.026729, 
-0.0409112, -0.0272739, 
-0.0391435, -0.0277417, 
-0.0372737, -0.0281314, 
-0.0353073, -0.0284423, 
-0.0332502, -0.0286738, 
-0.0311081, -0.0288254, 
-0.0288875, -0.028897, 
-0.0265945, -0.0288888, 
-0.0242358, -0.028801, 
-0.0218181, -0.0286342, 
-0.0193483, -0.028389, 
-0.0168333, -0.0280664, 
-0.0142802, -0.0276676, 
-0.0116963, -0.0271939, 
-0.00908865, -0.0266469, 
-0.00646461, -0.0260282, 
-0.00383146, -0.02534, 
-0.00119648, -0.0245842, 
0.00143304, -0.0237632, 
0.00404987, -0.0228794, 
0.00664683, -0.0219355, 
0.00921683, -0.0209343, 
0.0117529, -0.0198787, 
0.0142481, -0.0187718, 
0.0166956, -0.0176168, 
0.019089, -0.0164171, 
0.0214218, -0.015176, 
0.0236878, -0.0138972, 
0.0258808, -0.0125843, 
0.0279952, -0.0112409, 
0.0300253, -0.00987102, 
0.0319658, -0.00847837, 
0.0338117, -0.0070669, 
0.0355583, -0.00564057, 
0.0372009, -0.00420337, 
0.0387354, -0.00275929, 

