
0.785398, 0, 
0.783781, 0.0019198, 
0.778956, 0.00760915, 
0.770966, 0.0169565, 
0.759832, 0.0299027, 
0.745557, 0.0464317, 
0.728128, 0.0665598, 
0.707521, 0.0903236, 
0.683705, 0.117767, 
0.656645, 0.148926, 
0.626307, 0.183813, 
0.592667, 0.222398, 
0.555707, 0.264593, 
0.515431, 0.310234, 
0.471856, 0.359072, 
0.425022, 0.410764, 
0.374986, 0.464872, 
0.321824, 0.520869, 
0.265621, 0.57815, 
0.206471, 0.636046, 
0.144473, 0.693835, 
0.0797302, 0.750755, 
0.0123466, 0.806012, 
-0.0575647, 0.858782, 
-0.129877, 0.908214, 
-0.20444, 0.953427, 
-0.281069, 0.993508, 
-0.359529, 1.02751, 
-0.439522, 1.05445, 
-0.52067, 1.07331, 
-0.602502, 1.08306, 
-0.684441, 1.08265, 
-0.765804, 1.07099, 
-0.845798, 1.04706, 
-0.923537, 1.00982, 
-0.998069, 0.958296, 
-1.06842, 0.891614, 
-1.13366, 0.809041, 
-1.193, 0.710116, 
-1.24593, 0.594885, 
-1.29243, 0.464349, 
-1.33329, 0.321204, 
-1.37044, 0.170774, 
-1.4071, 0.021456, 
-1.44722, -0.116535, 
-1.49429, -0.23418, 
-1.55027, -0.326152, 
-1.61552, -0.390888, 
-1.68938, -0.429112, 
-1.77074, -0.442546, 
-1.85831, -0.433283, 
-1.95081, -0.403636, 
-2.04697, -0.356188, 
-2.14553, -0.293915, 
-2.24517, -0.220315, 
-2.34451, -0.139433, 
-2.44209, -0.0557071, 
-2.53652, 0.0264317, 
-2.62657, 0.103114, 
-2.71136, 0.171497, 
-2.79036, 0.229936, 
-2.86336, 0.277847, 
-2.93037, 0.31541, 
-2.99154, 0.343263, 
-3.04708, 0.362276, 
-3.09723, 0.373401, 
-3.14224, 0.377586, 
-3.18236, 0.375728, 
-3.2178, 0.368648, 
-3.24879, 0.357075, 
-3.27552, 0.341647, 
-3.29816, 0.322906, 
-3.31689, 0.301299, 
-3.33182, 0.277182, 
-3.34308, 0.250823, 
-3.35075, 0.222411, 
-3.3549, 0.192061, 
-3.35557, 0.159823, 
-3.35279, 0.125695, 
-3.34658, 0.0896326, 
-3.33693, 0.0515632, 
-3.32385, 0.0114033, 
-3.30732, -0.0309255, 
-3.28735, -0.0754792, 
-3.26393, -0.122272, 
-3.23708, -0.171262, 
-3.20685, -0.222332, 
-3.17328, -0.275287, 
-3.13645, -0.329842, 
-3.09646, -0.385632, 
-3.05341, -0.44221, 
-3.00742, -0.499069, 
-2.95862, -0.555647, 
-2.90714, -0.611345, 
-2.85312, -0.665535, 
-2.79671, -0.717568, 
-2.73803, -0.766778, 
-2.67727, -0.812485, 
-2.61458, -0.853995, 
-2.55019, -0.890597, 
-2.48431, -0.92157, 
-2.41725, -0.946175, 
-2.34932, -0.963668, 
-2.28093, -0.973299, 
-2.21252, -0.974322, 
-2.14462, -0.966008, 
-2.0778, -0.947652, 
-2.01269, -0.918597, 
-1.94993, -0.878248, 
-1.89017, -0.826109, 
-1.83402, -0.761827, 
-1.78199, -0.685269, 
-1.73442, -0.596651, 
-1.69138, -0.496739, 
-1.65253, -0.387149, 
-1.61699, -0.270704, 
-1.58329, -0.151674, 
-1.54938, -0.0355857, 
-1.5131, 0.0716587, 
-1.47262, 0.165076, 
-1.42685, 0.241521, 
-1.37549, 0.299766, 
-1.31884, 0.339982, 
-1.25752, 0.363151, 
-1.19233, 0.370677, 
-1.12412, 0.364182, 
-1.05375, 0.345435, 
-0.982071, 0.316328, 
-0.909931, 0.278875, 
-0.838146, 0.235197, 
-0.767519, 0.18748, 
-0.698818, 0.1379, 
-0.63275, 0.0885167, 
-0.569937, 0.041155, 
-0.510887, -0.00269133, 
-0.455982, -0.0419148, 
-0.405478, -0.0757949, 
-0.359524, -0.103953, 
-0.31818, -0.12628, 
-0.281443, -0.142862, 
-0.249269, -0.15391, 
-0.221588, -0.159702, 
-0.198316, -0.160542, 
-0.179366, -0.156735, 
-0.164652, -0.148567, 
-0.154091, -0.136294, 
-0.147608, -0.120141, 
-0.145132, -0.100302, 
-0.146599, -0.0769437, 
-0.151948, -0.0502137, 
-0.161117, -0.0202521, 
-0.174045, 0.0127977, 
-0.190662, 0.0487749, 
-0.210892, 0.087488, 
-0.234643, 0.128701, 
-0.261808, 0.172126, 
-0.292266, 0.21741, 
-0.325876, 0.26414, 
-0.362483, 0.311844, 
-0.401919, 0.359995, 
-0.444006, 0.408028, 
-0.488562, 0.455349, 
-0.535397, 0.501348, 
-0.584321, 0.545408, 
-0.635139, 0.586915, 
-0.68765, 0.62526, 
-0.741645, 0.659846, 
-0.796899, 0.690085, 
-0.853173, 0.715403, 
-0.910206, 0.735243, 
-0.967711, 0.749065, 
-1.02538, 0.756353, 
-1.08286, 0.756624, 
-1.13981, 0.749434, 
-1.19585, 0.734394, 
-1.2506, 0.711188, 
-1.30368, 0.679594, 
-1.35476, 0.639516, 
-1.40355, 0.591027, 
-1.44986, 0.534424, 
-1.49364, 0.470302, 
-1.53497, 0.39964, 
-1.57418, 0.32388, 
-1.61179, 0.24498, 
-1.64856, 0.165374, 
-1.68536, 0.0878013, 
-1.72309, 0.0150082, 
-1.76253, -0.0506032, 
-1.80421, -0.10725, 
-1.84839, -0.153882, 
-1.89504, -0.190131, 
-1.94396, -0.216173, 
-1.99476, -0.232579, 
-2.047, -0.240188, 
-2.10016, -0.240011, 
-2.15371, -0.233173, 
-2.20712, -0.220862, 
-2.25988, -0.204295, 
-2.31148, -0.184682, 
-2.36146, -0.163191, 
-2.40939, -0.14092, 
-2.45489, -0.11886, 
-2.49762, -0.0978794, 
-2.53731, -0.078704, 
-2.57374, -0.0619154, 
-2.60672, -0.0479552, 
-2.63613, -0.0371379, 
-2.66189, -0.029669, 
-2.68392, -0.0256641, 
-2.70221, -0.0251683, 
-2.71675, -0.0281729, 
-2.72755, -0.0346292, 
-2.73462, -0.0444585, 
-2.73801, -0.0575587, 
-2.73776, -0.0738075, 
-2.73393, -0.0930629, 
-2.72656, -0.115161, 
-2.71575, -0.139915, 
-2.70156, -0.167106, 
-2.6841, -0.196486, 
-2.66347, -0.227767, 
-2.63979, -0.260627, 
-2.61319, -0.294704, 
-2.58382, -0.329598, 
-2.55182, -0.364882, 
-2.51735, -0.400098, 
-2.4806, -0.434771, 
-2.44172, -0.468411, 
-2.40091, -0.500522, 
-2.35835, -0.530608, 
-2.31424, -0.558177, 
-2.26877, -0.582744, 
-2.22216, -0.60384, 
-2.17462, -0.621011, 
-2.1264, -0.633824, 
-2.07773, -0.641873, 
-2.02887, -0.644782, 
-1.98008, -0.642216, 
-1.93163, -0.633888, 
-1.88378, -0.619571, 
-1.83679, -0.599112, 
-1.79089, -0.572452, 
-1.74629, -0.539645, 
-1.70315, -0.500888, 
-1.66154, -0.456546, 
-1.62148, -0.407192, 
-1.58288, -0.35363, 
-1.54553, -0.296913, 
-1.50914, -0.238335, 
-1.4733, -0.179385, 
-1.43757, -0.121656, 
-1.40152, -0.0667183, 
-1.36473, -0.0159808, 
-1.32694, 0.0294247, 
-1.28796, 0.068714, 
-1.24777, 0.101463, 
-1.20647, 0.12758, 
-1.16424, 0.147247, 
-1.12134, 0.160864, 
-1.0781, 0.168985, 
-1.03485, 0.172274, 
-0.991958, 0.171465, 
-0.949772, 0.167326, 
-0.908644, 0.160633, 
-0.868908, 0.152147, 
-0.830874, 0.142592, 
-0.794826, 0.13264, 
-0.761019, 0.122899, 
-0.729676, 0.113902, 
-0.700987, 0.106107, 
-0.675111, 0.0998893, 
-0.652178, 0.0955531, 
-0.632288, 0.0933302, 
-0.615516, 0.0933893, 
-0.601916, 0.0958433, 
-0.591518, 0.100755, 
-0.584338, 0.108146, 
-0.580374, 0.117998, 
-0.579607, 0.13026, 
-0.582009, 0.144847, 
-0.587535, 0.161644, 
-0.596129, 0.180507, 
-0.607723, 0.201259, 
-0.622236, 0.223693, 
-0.639575, 0.24757, 
-0.659637, 0.272622, 
-0.682304, 0.29855, 
-0.707452, 0.325029, 
-0.734944, 0.351708, 
-0.764637, 0.378221, 
-0.796378, 0.404182, 
-0.830006, 0.4292, 
-0.865358, 0.452875, 
-0.90226, 0.47481, 
-0.940535, 0.494613, 
-0.98, 0.511902, 
-1.02046, 0.526308, 
-1.06174, 0.537483, 
-1.10361, 0.545102, 
-1.14589, 0.548871, 
-1.18837, 0.548529, 
-1.23085, 0.543859, 
-1.27311, 0.534695, 
-1.31498, 0.520928, 
-1.35628, 0.502523, 
-1.39685, 0.479526, 
-1.43657, 0.45208, 
-1.47536, 0.420437, 
-1.51317, 0.384974, 
-1.55002, 0.346199, 
-1.58598, 0.304758, 
-1.62118, 0.261426, 
-1.65578, 0.217086, 
-1.68999, 0.172694, 
-1.72405, 0.129226, 
-1.75816, 0.0876167, 
-1.7925, 0.0486996, 
-1.82722, 0.0131571, 
-1.86237, -0.0185126, 
-1.89796, -0.0460067, 
-1.93391, -0.0692113, 
-1.9701, -0.0881812, 
-2.00636, -0.103113, 
-2.04249, -0.114315, 
-2.07825, -0.12218, 
-2.1134, -0.127157, 
-2.1477, -0.129728, 
-2.18089, -0.130393, 
-2.21275, -0.129647, 
-2.24304, -0.12797, 
-2.27156, -0.125814, 
-2.29813, -0.123596, 
-2.32256, -0.121692, 
-2.34472, -0.120432, 
-2.36447, -0.120099, 
-2.38171, -0.120929, 
-2.39635, -0.123112, 
-2.40832, -0.126794, 
-2.41759, -0.13208, 
-2.4241, -0.139036, 
-2.42785, -0.147691, 
-2.42884, -0.158041, 
-2.42708, -0.170049, 
-2.42259, -0.183646, 
-2.41541, -0.198734, 
-2.40561, -0.215185, 
-2.39323, -0.232843, 
-2.37836, -0.251524, 
-2.36108, -0.271019, 
-2.3415, -0.291093, 
-2.31971, -0.311492, 
-2.29584, -0.331939, 
-2.27, -0.352145, 
-2.24235, -0.371808, 
-2.213, -0.390619, 
-2.18211, -0.408262, 
-2.14983, -0.424428, 
-2.11632, -0.438808, 
-2.08173, -0.451107, 
-2.04623, -0.461041, 
-2.00998, -0.468346, 
-1.97316, -0.472783, 
-1.93593, -0.47414, 
-1.89845, -0.472237, 
-1.8609, -0.466938, 
-1.82341, -0.458149, 
-1.78614, -0.445829, 
-1.74921, -0.429996, 
-1.71273, -0.410737, 
-1.6768, -0.388209, 
-1.64147, -0.362649, 
-1.60677, -0.334377, 
-1.5727, -0.303795, 
-1.53922, -0.271383, 
-1.50628, -0.237693, 
-1.47379, -0.203323, 
-1.44164, -0.168902, 
-1.40973, -0.135057, 
-1.37796, -0.102382, 
-1.34624, -0.0714083, 
-1.31454, -0.0425801, 
-1.28282, -0.0162362, 
-1.25111, 0.00739796, 
-1.21947, 0.0282099, 
-1.18798, 0.046193, 
-1.15676, 0.0614342, 
-1.12597, 0.0740987, 
-1.09575, 0.0844139, 
-1.06628, 0.0926533, 
-1.03774, 0.0991215, 
-1.01031, 0.104141, 
-0.984153, 0.108039, 
-0.95944, 0.11114, 
-0.936326, 0.113755, 
-0.914957, 0.116177, 
-0.895464, 0.118675, 
-0.877962, 0.121489, 
-0.862554, 0.12483, 
-0.849325, 0.128878, 
-0.838348, 0.133781, 
-0.829677, 0.139655, 
-0.823355, 0.146586, 
-0.819409, 0.154628, 
-0.817853, 0.163807, 
-0.818688, 0.174119, 
-0.821902, 0.185535, 
-0.827471, 0.197995, 
-0.835358, 0.211417, 
-0.845516, 0.225692, 
-0.857887, 0.240688, 
-0.872402, 0.256249, 
-0.888981, 0.272202, 
-0.907538, 0.288353, 
-0.927975, 0.304491, 
-0.950187, 0.320393, 
-0.974063, 0.335826, 
-0.999483, 0.350551, 
-1.02632, 0.364322, 
-1.05446, 0.376897, 
-1.08375, 0.388036, 
-1.11406, 0.397509, 
-1.14526, 0.405097, 
-1.17719, 0.410595, 
-1.20973, 0.413821, 
-1.24273, 0.414616, 
-1.27606, 0.412848, 
-1.30958, 0.408419, 
-1.34317, 0.401268, 
-1.37671, 0.391374, 
-1.41009, 0.378764, 
-1.44322, 0.363513, 
-1.47603, 0.345747, 
-1.50846, 0.32565, 
-1.54047, 0.303459, 
-1.57203, 0.279464, 
-1.60316, 0.254005, 
-1.63387, 0.227462, 
-1.66418, 0.200246, 
-1.69413, 0.172783, 
-1.72378, 0.145498, 
-1.75316, 0.1188, 
-1.7823, 0.0930616, 
-1.81122, 0.0686053, 
-1.83992, 0.0456937, 
-1.86837, 0.0245204, 
-1.89652, 0.00520858, 
-1.92433, -0.0121884, 
-1.95168, -0.0276815, 
-1.9785, -0.0413393, 
-2.00465, -0.0532786, 
-2.03003, -0.0636551, 
-2.05449, -0.0726537, 
-2.07791, -0.0804793, 
-2.10016, -0.0873484, 
-2.1211, -0.0934812, 
-2.14062, -0.0990955, 
-2.15861, -0.104401, 
-2.17495, -0.109594, 
-2.18955, -0.114856, 
-2.20234, -0.120349, 
-2.21322, -0.126214, 
-2.22216, -0.132568, 
-2.22909, -0.139509, 
-2.23398, -0.147108, 
-2.2368, -0.155415, 
-2.23754, -0.164453, 
-2.2362, -0.174225, 
-2.23279, -0.184711, 
-2.22732, -0.195868, 
-2.21983, -0.207631, 
-2.21035, -0.219916, 
-2.19894, -0.232618, 
-2.18565, -0.245615, 
-2.17055, -0.25877, 
-2.15372, -0.271928, 
-2.13525, -0.284924, 
-2.11521, -0.297583, 
-2.09372, -0.309722, 
-2.07087, -0.321152, 
-2.04677, -0.331686, 
-2.02153, -0.341135, 
-1.99526, -0.349317, 
-1.96809, -0.356057, 
-1.94013, -0.361191, 
-1.9115, -0.364571, 
-1.88233, -0.366066, 
-1.85271, -0.365566, 
-1.82278, -0.362985, 
-1.79264, -0.358266, 
-1.76238, -0.351383, 
-1.73211, -0.342341, 
-1.70192, -0.331182, 
-1.67187, -0.317987, 
-1.64204, -0.302872, 
-1.61247, -0.285995, 
-1.5832, -0.267548, 
-1.55426, -0.247761, 
-1.52567, -0.226888, 
-1.49742, -0.205212, 
-1.46952, -0.183028, 
-1.44196, -0.160636, 
-1.41473, -0.138332, 
-1.38783, -0.116397, 
-1.36126, -0.0950887, 
-1.33502, -0.074628, 
-1.30914, -0.0551981, 
-1.28366, -0.0369374, 
-1.25861, -0.0199383, 
-1.23407, -0.00424792, 
-1.21009, 0.0101297, 
-1.18677, 0.0232293, 
-1.16419, 0.0351195, 
-1.14245, 0.0458967, 
-1.12164, 0.0556791, 
-1.10187, 0.0646008, 
-1.08324, 0.072806, 
-1.06584, 0.0804438, 
-1.04977, 0.0876631, 
-1.03511, 0.0946092, 
-1.02195, 0.101419, 
-1.01036, 0.108221, 
-1.0004, 0.115129, 
-0.992128, 0.122241, 
-0.985594, 0.129643, 
-0.980831, 0.137401, 
-0.977869, 0.145563, 
-0.976723, 0.154161, 
-0.977402, 0.163206, 
-0.979903, 0.172694, 
-0.984216, 0.182601, 
-0.990319, 0.192886, 
-0.998183, 0.20349, 
-1.00777, 0.21434, 
-1.01903, 0.225347, 
-1.03192, 0.236409, 
-1.04636, 0.24741, 
-1.0623, 0.258226, 
-1.07965, 0.268723, 
-1.09834, 0.27876, 
-1.11828, 0.288194, 
-1.13938, 0.296878, 
-1.16154, 0.304667, 
-1.18467, 0.311418, 
-1.20867, 0.316997, 
-1.23343, 0.321275, 
-1.25886, 0.324136, 
-1.28486, 0.325479, 
-1.31132, 0.325218, 
-1.33815, 0.323287, 
-1.36526, 0.319641, 
-1.39254, 0.314257, 
-1.41993, 0.307139, 
-1.44734, 0.298318, 
-1.47471, 0.287851, 
-1.50196, 0.275823, 
-1.52905, 0.262349, 
-1.55593, 0.247567, 
-1.58257, 0.231641, 
-1.60893, 0.214755, 
-1.63499, 0.19711, 
-1.66074, 0.178917, 
-1.68617, 0.160395, 
-1.71125, 0.141758, 
-1.73598, 0.123215, 
-1.76034, 0.104958, 
-1.78431, 0.0871615, 
-1.80786, 0.069974, 
-1.83097, 0.053516, 
-1.85358, 0.0378777, 
-1.87565, 0.0231188, 
-1.89713, 0.00926833, 
-1.91794, -0.00367274, 
-1.93802, -0.0157293, 
-1.9573, -0.0269487, 
-1.9757, -0.0373967, 
-1.99313, -0.0471539, 
-2.00953, -0.0563112, 
-2.02481, -0.0649667, 
-2.0389, -0.0732216, 
-2.05172, -0.0811768, 
-2.06323, -0.0889305, 
-2.07334, -0.096575, 
-2.08201, -0.104195, 
-2.0892, -0.111867, 
-2.09486, -0.119653, 
-2.09896, -0.127607, 
-2.10148, -0.135767, 
-2.1024, -0.144159, 
-2.10171, -0.152795, 
-2.09942, -0.161671, 
-2.09553, -0.170771, 
-2.09006, -0.180065, 
-2.08303, -0.189509, 
-2.07448, -0.199047, 
-2.06444, -0.20861, 
-2.05297, -0.218118, 
-2.0401, -0.227484, 
-2.02591, -0.23661, 
-2.01045, -0.245393, 
-1.99379, -0.253724, 
-1.97601, -0.261491, 
-1.95718, -0.268582, 
-1.93738, -0.274885, 
-1.91671, -0.280289, 
-1.89523, -0.284692, 
-1.87304, -0.287997, 
-1.85023, -0.290116, 
-1.82688, -0.290974, 
-1.80308, -0.290507, 
-1.77891, -0.288667, 
-1.75445, -0.285425, 
-1.72978, -0.280767, 
-1.70497, -0.2747, 
-1.6801, -0.267252, 
-1.65523, -0.258469, 
-1.6304, -0.248421, 
-1.60569, -0.237195, 
-1.58113, -0.224897, 
-1.55676, -0.211653, 
-1.53261, -0.197599, 
-1.50873, -0.182886, 
-1.48514, -0.167669, 
-1.46185, -0.15211, 
-1.4389, -0.136367, 
-1.41631, -0.120595, 
-1.3941, -0.104938, 
-1.3723, -0.0895289, 
-1.35094, -0.0744815, 
-1.33007, -0.0598927, 
-1.30971, -0.0458383, 
-1.28991, -0.0323732, 
-1.27072, -0.019531, 
-1.25221, -0.00732554, 
-1.23441, 0.00424848, 
-1.2174, 0.0152128, 
-1.20123, 0.0256035, 
-1.18598, 0.0354683, 
-1.17169, 0.0448641, 
-1.15844, 0.0538538, 
-1.14627, 0.0625044, 
-1.13526, 0.0708836, 
-1.12545, 0.0790586, 
-1.11688, 0.087093, 
-1.10961, 0.095046, 
-1.10366, 0.10297, 
-1.09907, 0.11091, 
-1.09587, 0.118902, 
-1.09408, 0.126974, 
-1.0937, 0.13514, 
-1.09474, 0.143407, 
-1.0972, 0.15177, 
-1.10107, 0.160214, 
-1.10633, 0.168712, 
-1.11297, 0.177228, 
-1.12096, 0.185715, 
-1.13025, 0.194118, 
-1.14082, 0.202373, 
-1.15261, 0.210411, 
-1.16558, 0.218154, 
-1.17967, 0.22552, 
-1.19481, 0.232425, 
-1.21095, 0.238782, 
-1.22802, 0.244503, 
-1.24595, 0.249504, 
-1.26466, 0.253701, 
-1.28409, 0.257015, 
-1.30416, 0.259377, 
-1.32479, 0.26072, 
-1.34591, 0.260992, 
-1.36745, 0.260149, 
-1.38934, 0.258159, 
-1.41149, 0.255006, 
-1.43385, 0.250685, 
-1.45636, 0.245208, 
-1.47894, 0.238603, 
-1.50155, 0.230912, 
-1.52412, 0.222193, 
-1.54662, 0.212518, 
-1.56899, 0.201971, 
-1.5912, 0.190652, 
-1.61321, 0.178665, 
-1.63498, 0.166125, 
-1.65648, 0.153152, 
-1.67768, 0.139865, 
-1.69856, 0.126384, 
-1.71907, 0.112825, 
-1.7392, 0.0992962, 
-1.75891, 0.085896, 
-1.77816, 0.0727124, 
-1.79693, 0.0598198, 
-1.81516, 0.0472784, 
-1.83283, 0.0351338, 
-1.84987, 0.0234166, 
-1.86626, 0.0121433, 
-1.88193, 0.00131711, 
-1.89684, -0.00907084, 
-1.91094, -0.0190399, 
-1.92417, -0.0286181, 
-1.93649, -0.0378404, 
-1.94784, -0.0467466, 
-1.95818, -0.0553797, 
-1.96746, -0.0637839, 
-1.97565, -0.0720032, 
-1.9827, -0.0800793, 
-1.98859, -0.088051, 
-1.99327, -0.0959522, 
-1.99673, -0.103811, 
-1.99896, -0.111651, 
-1.99993, -0.119485, 
-1.99964, -0.127322, 
-1.99809, -0.13516, 
-1.99528, -0.142991, 
-1.99123, -0.150798, 
-1.98594, -0.158557, 
-1.97944, -0.166234, 
-1.97176, -0.173789, 
-1.96292, -0.181178, 
-1.95297, -0.188346, 
-1.94194, -0.195236, 
-1.92988, -0.201788, 
-1.91684, -0.207935, 
-1.90287, -0.213612, 
-1.88803, -0.218751, 
-1.87238, -0.223285, 
-1.85597, -0.227149, 
-1.83887, -0.230281, 
-1.82115, -0.232624, 
-1.80286, -0.234126, 
-1.78408, -0.234742, 
-1.76486, -0.234436, 
-1.74528, -0.233179, 
-1.72539, -0.230954, 
-1.70526, -0.227755, 
-1.68494, -0.223585, 
-1.6645, -0.218461, 
-1.64398, -0.21241, 
-1.62344, -0.205473, 
-1.60292, -0.197698, 
-1.58247, -0.189148, 
-1.56214, -0.179891, 
-1.54196, -0.170006, 
-1.52198, -0.159577, 
-1.50222, -0.148694, 
-1.48272, -0.137447, 
-1.46351, -0.125929, 
-1.44463, -0.114231, 
-1.42611, -0.102439, 
-1.40797, -0.0906354, 
-1.39026, -0.0788945, 
-1.37301, -0.0672827, 
-1.35625, -0.0558568, 
-1.34002, -0.0446635, 
-1.32437, -0.0337391, 
-1.30932, -0.0231093, 
-1.29493, -0.0127899, 
-1.28123, -0.0027872, 
-1.26827, 0.00690095, 
-1.25609, 0.0162842, 
-1.24474, 0.0253784, 
-1.23424, 0.0342043, 
-1.22465, 0.0427862, 
-1.21601, 0.0511507, 
-1.20834, 0.0593252, 
-1.20167, 0.0673369, 
-1.19605, 0.0752116, 
-1.19149, 0.0829723, 
-1.18801, 0.090639, 
-1.18563, 0.0982272, 
-1.18437, 0.105748, 
-1.18422, 0.113206, 
-1.18521, 0.120602, 
-1.18731, 0.127929, 
-1.19053, 0.135174, 
-1.19485, 0.142321, 
-1.20026, 0.149343, 
-1.20674, 0.156212, 
-1.21426, 0.162892, 
-1.22278, 0.169344, 
-1.23229, 0.175524, 
-1.24274, 0.181385, 
-1.25409, 0.186876, 
-1.26629, 0.191947, 
-1.2793, 0.196544, 
-1.29306, 0.200618, 
-1.30754, 0.204115, 
-1.32266, 0.206988, 
-1.33838, 0.209192, 
-1.35465, 0.210685, 
-1.3714, 0.211431, 
-1.38857, 0.211402, 
-1.40612, 0.210572, 
-1.42399, 0.208928, 
-1.44211, 0.206462, 
-1.46045, 0.203176, 
-1.47893, 0.199078, 
-1.49753, 0.19419, 
-1.51618, 0.188538, 
-1.53484, 0.182159, 
-1.55346, 0.175098, 
-1.57201, 0.167407, 
-1.59045, 0.159143, 
-1.60873, 0.15037, 
-1.62682, 0.141156, 
-1.64469, 0.13157, 
-1.6623, 0.121685, 
-1.67961, 0.111571, 
-1.6966, 0.101298, 
-1.71324, 0.0909312, 
-1.72948, 0.0805336, 
-1.7453, 0.0701614, 
-1.76066, 0.0598649, 
-1.77552, 0.0496875, 
-1.78986, 0.0396652, 
-1.80364, 0.0298266, 
-1.81681, 0.0201927, 
-1.82935, 0.0107778, 
-1.84122, 0.00158908, 
-1.85238, -0.00737179, 
-1.86279, -0.0161085, 
-1.87242, -0.0246291, 
-1.88124, -0.0329449, 
-1.88921, -0.0410695, 
-1.8963, -0.0490182, 
-1.90249, -0.0568064, 
-1.90776, -0.0644495, 
-1.91207, -0.0719612, 
-1.91542, -0.0793537, 
-1.91778, -0.0866361, 
-1.91915, -0.0938146, 
-1.91952, -0.100891, 
-1.91889, -0.107865, 
-1.91725, -0.11473, 
-1.91461, -0.121474, 
-1.91099, -0.128085, 
-1.90639, -0.134542, 
-1.90083, -0.140821, 
-1.89433, -0.146896, 
-1.88692, -0.152736, 
-1.87862, -0.158306, 
-1.86947, -0.16357, 
-1.85951, -0.168489, 
-1.84876, -0.173023, 
-1.83727, -0.177131, 
-1.82508, -0.180774, 
-1.81224, -0.18391, 
-1.7988, -0.186503, 
-1.78479, -0.188517, 
-1.77027, -0.189919, 
-1.75529, -0.190682, 
-1.7399, -0.190781, 
-1.72414, -0.190199, 
-1.70808, -0.188924, 
-1.69175, -0.186948, 
-1.6752, -0.184272, 
-1.65849, -0.180903, 
-1.64166, -0.176856, 
-1.62475, -0.172151, 
-1.6078, -0.166815, 
-1.59087, -0.160883, 
-1.57398, -0.154393, 
-1.55718, -0.14739, 
-1.5405, -0.139922, 
-1.52398, -0.132043, 
-1.50766, -0.123805, 
-1.49157, -0.115265, 
-1.47573, -0.106478, 
-1.4602, -0.0975015, 
-1.44499, -0.0883875, 
-1.43013, -0.0791874, 
-1.41567, -0.0699486, 
-1.40163, -0.0607142, 
-1.38805, -0.0515228, 
-1.37495, -0.0424078, 
-1.36237, -0.0333972, 
-1.35035, -0.0245137, 
-1.3389, -0.0157747, 
-1.32808, -0.00719263, 
-1.3179, 0.00122461, 
-1.3084, 0.00947328, 
-1.2996, 0.0175532, 
-1.29155, 0.0254669, 
-1.28426, 0.0332193, 
-1.27776, 0.0408167, 
-1.27207, 0.0482662, 
-1.26721, 0.0555749, 
-1.26321, 0.0627496, 
-1.26008, 0.0697959, 
-1.25783, 0.0767175, 
-1.25646, 0.0835164, 
-1.256, 0.0901919, 
-1.25643, 0.0967403, 
-1.25776, 0.103155, 
-1.25999, 0.109427, 
-1.2631, 0.115542, 
-1.26709, 0.121485, 
-1.27194, 0.127237, 
-1.27763, 0.132774, 
-1.28415, 0.138073, 
-1.29146, 0.143107, 
-1.29955, 0.147845, 
-1.30838, 0.152259, 
-1.31791, 0.156316, 
-1.32813, 0.159984, 
-1.33898, 0.163232, 
-1.35043, 0.166029, 
-1.36244, 0.168345, 
-1.37497, 0.170154, 
-1.38797, 0.171429, 
-1.40141, 0.172148, 
-1.41523, 0.172295, 
-1.4294, 0.171854, 
-1.44387, 0.170815, 
-1.4586, 0.169175, 
-1.47354, 0.166933, 
-1.48864, 0.164094, 
-1.50388, 0.160671, 
-1.51921, 0.156678, 
-1.53458, 0.152138, 
-1.54996, 0.147076, 
-1.56531, 0.141523, 
-1.5806, 0.135514, 
-1.59578, 0.129086, 
-1.61083, 0.122281, 
-1.6257, 0.11514, 
-1.64038, 0.107709, 
-1.65482, 0.100032, 
-1.66899, 0.0921528, 
-1.68286, 0.0841158, 
-1.69641, 0.0759625, 
-1.7096, 0.0677325, 
-1.7224, 0.0594624, 
-1.73478, 0.0511858, 
-1.74671, 0.0429325, 
-1.75816, 0.0347287, 
-1.76911, 0.0265966, 
-1.77952, 0.0185546, 
-1.78937, 0.0106173, 
-1.79863, 0.00279613, 
-1.80727, -0.00490101, 
-1.81526, -0.0124688, 
-1.82258, -0.0199042, 
-1.82921, -0.0272063, 
-1.83513, -0.0343751, 
-1.84031, -0.0414119, 
-1.84474, -0.048318, 
-1.8484, -0.0550948, 
-1.85128, -0.061743, 
-1.85337, -0.0682624, 
-1.85465, -0.0746511, 
-1.85514, -0.0809061, 
-1.85482, -0.0870219, 
-1.85369, -0.0929913, 
-1.85175, -0.0988047, 
-1.84903, -0.10445, 
-1.84551, -0.109914, 
-1.84122, -0.115178, 
-1.83617, -0.120226, 
-1.83039, -0.125037, 
-1.82388, -0.129588, 
-1.81667, -0.133857, 
-1.8088, -0.137819, 
-1.80028, -0.141449, 
-1.79115, -0.144722, 
-1.78144, -0.147612, 
-1.77119, -0.150097, 
-1.76042, -0.152153, 
-1.74917, -0.153757, 
-1.73749, -0.154892, 
-1.72541, -0.155541, 
-1.71296, -0.155688, 
-1.70019, -0.155324, 
-1.68714, -0.154442, 
-1.67385, -0.153038, 
-1.66035, -0.151112, 
-1.64668, -0.14867, 
-1.63289, -0.145721, 
-1.61901, -0.142277, 
-1.60507, -0.138356, 
-1.59111, -0.133979, 
-1.57717, -0.129169, 
-1.56328, -0.123955, 
-1.54948, -0.118365, 
-1.5358, -0.112434, 
-1.52226, -0.106195, 
-1.50891, -0.0996832, 
-1.49577, -0.0929346, 
-1.48287, -0.0859855, 
-1.47024, -0.0788711, 
-1.45791, -0.0716261, 
-1.44591, -0.0642834, 
-1.43427, -0.0568742, 
-1.42301, -0.0494272, 
-1.41217, -0.0419689, 
-1.40176, -0.034523, 
-1.39182, -0.0271103, 
-1.38237, -0.019749, 
-1.37343, -0.0124544, 
-1.36504, -0.0052393, 
-1.35722, 0.00188586, 
-1.34998, 0.00891285, 
-1.34335, 0.0158353, 
-1.33735, 0.0226482, 
-1.33199, 0.0293478, 
-1.3273, 0.0359313, 
-1.3233, 0.0423959, 
-1.31998, 0.0487393, 
-1.31737, 0.0549586, 
-1.31547, 0.0610506, 
-1.3143, 0.067011, 
-1.31384, 0.0728345, 
-1.31412, 0.0785146, 
-1.31511, 0.0840432, 
-1.31683, 0.0894107, 
-1.31926, 0.0946059, 
-1.3224, 0.0996161, 
-1.32624, 0.104427, 
-1.33076, 0.109023, 
-1.33594, 0.113387, 
-1.34178, 0.1175, 
-1.34824, 0.121344, 
-1.3553, 0.124899, 
-1.36295, 0.128145, 
-1.37115, 0.131062, 
-1.37987, 0.13363, 
-1.3891, 0.13583, 
-1.39879, 0.137645, 
-1.40891, 0.139057, 
-1.41943, 0.140052, 
-1.43032, 0.140617, 
-1.44155, 0.140742, 
-1.45307, 0.140418, 
-1.46485, 0.139641, 
-1.47687, 0.138408, 
-1.48908, 0.13672, 
-1.50144, 0.134583, 
-1.51393, 0.132004, 
-1.52651, 0.128992, 
-1.53914, 0.125564, 
-1.5518, 0.121735, 
-1.56445, 0.117524, 
-1.57706, 0.112956, 
-1.58959, 0.108053, 
-1.60202, 0.102842, 
-1.61431, 0.09735, 
-1.62645, 0.0916067, 
-1.63839, 0.0856409, 
-1.65011, 0.0794821, 
-1.66158, 0.0731594, 
-1.67278, 0.0667016, 
-1.68368, 0.0601362, 
-1.69425, 0.0534898, 
-1.70447, 0.046787, 
-1.7143, 0.0400512, 
-1.72374, 0.0333033, 
-1.73275, 0.0265628, 
-1.7413, 0.0198467, 
-1.74939, 0.0131703, 
-1.75698, 0.0065468, 
-1.76405, -1.22724e-05, 
-1.77059, -0.00649707, 
-1.77657, -0.0128992, 
-1.78198, -0.0192113, 
-1.7868, -0.0254272, 
-1.79102, -0.0315412, 
-1.79462, -0.0375481, 
-1.7976, -0.0434429, 
-1.79994, -0.0492204, 
-1.80164, -0.0548753, 
-1.80269, -0.0604015, 
-1.80308, -0.0657924, 
-1.80283, -0.0710404, 
-1.80192, -0.0761371, 
-1.80036, -0.0810729, 
-1.79816, -0.0858374, 
-1.79532, -0.0904187, 
-1.79186, -0.0948043, 
-1.78778, -0.0989803, 
-1.7831, -0.102932, 
-1.77785, -0.106645, 
-1.77202, -0.110103, 
-1.76565, -0.11329, 
-1.75876, -0.11619, 
-1.75136, -0.118786, 
-1.7435, -0.121063, 
-1.73518, -0.123006, 
-1.72644, -0.124602, 
-1.7173, -0.125836, 
-1.7078, -0.126698, 
-1.69796, -0.127178, 
-1.68782, -0.127268, 
-1.67741, -0.126963, 
-1.66675, -0.126259, 
-1.65589, -0.125154, 
-1.64484, -0.123652, 
-1.63365, -0.121755, 
-1.62234, -0.11947, 
-1.61094, -0.116808, 
-1.59949, -0.113778, 
-1.58801, -0.110397, 
-1.57654, -0.106678, 
-1.56511, -0.102642, 
-1.55374, -0.0983085, 
-1.54246, -0.093698, 
-1.5313, -0.0888336, 
-1.52029, -0.0837389, 
-1.50945, -0.0784379, 
-1.49882, -0.0729551, 
-1.48841, -0.0673148, 
-1.47825, -0.0615408, 
-1.46837, -0.0556566, 
-1.45879, -0.0496846, 
-1.44954, -0.0436464, 
-1.44063, -0.037562, 
-1.43209, -0.0314506, 
-1.42395, -0.0253294, 
-1.41621, -0.0192145, 
-1.40891, -0.0131205, 
-1.40206, -0.0070605, 
-1.39569, -0.00104631, 
-1.3898, 0.0049115, 
-1.38442, 0.0108034, 
-1.37956, 0.0166209, 
-1.37523, 0.0223561, 
-1.37145, 0.0280018, 
-1.36822, 0.0335511, 
-1.36557, 0.0389975, 
-1.36349, 0.0443341, 
-1.36199, 0.0495543, 
-1.36108, 0.054651, 
-1.36075, 0.0596166, 
-1.36101, 0.0644432, 
-1.36186, 0.069122, 
-1.3633, 0.0736437, 
-1.36531, 0.0779983, 
-1.3679, 0.082175, 
-1.37105, 0.0861626, 
-1.37475, 0.0899489, 
-1.37899, 0.0935216, 
-1.38375, 0.0968676, 
-1.38903, 0.0999738, 
-1.39479, 0.102827, 
-1.40103, 0.105414, 
-1.40772, 0.107721, 
-1.41483, 0.109737, 
-1.42236, 0.111449, 
-1.43026, 0.112846, 
-1.43852, 0.113919, 
-1.44712, 0.114658, 
-1.45601, 0.115056, 
-1.46519, 0.115108, 
-1.47461, 0.114809, 
-1.48425, 0.114157, 
-1.49409, 0.113153, 
-1.50409, 0.111798, 
-1.51423, 0.110095, 
-1.52448, 0.108052, 
-1.5348, 0.105676, 
-1.54518, 0.102976, 
-1.55558, 0.099966, 
-1.56598, 0.0966582, 
-1.57634, 0.0930681, 
-1.58665, 0.0892124, 
-1.59688, 0.0851089, 
-1.607, 0.0807763, 
-1.61698, 0.0762344, 
-1.6268, 0.071503, 
-1.63644, 0.0666026, 
-1.64587, 0.0615537, 
-1.65507, 0.0563763, 
-1.66401, 0.0510904, 
-1.67268, 0.0457154, 
-1.68106, 0.0402697, 
-1.68911, 0.0347711, 
-1.69682, 0.0292366, 
-1.70418, 0.0236817, 
-1.71116, 0.0181213, 
-1.71774, 0.0125691, 
-1.7239, 0.00703777, 
-1.72964, 0.00153889, 
-1.73493, -0.00391675, 
-1.73976, -0.00931924, 
-1.74412, -0.0146594, 
-1.74799, -0.0199285, 
-1.75137, -0.0251186, 
-1.75424, -0.0302218, 
-1.75659, -0.0352304, 
-1.75843, -0.0401371, 
-1.75974, -0.0449342, 
-1.76052, -0.0496141, 
-1.76077, -0.0541688, 
-1.76049, -0.05859, 
-1.75968, -0.0628692, 
-1.75834, -0.0669973, 
-1.75648, -0.070965, 
-1.75411, -0.0747622, 
-1.75123, -0.0783788, 
-1.74785, -0.0818042, 
-1.74399, -0.0850276, 
-1.73966, -0.0880378, 
-1.73487, -0.0908238, 
-1.72963, -0.0933745, 
-1.72398, -0.095679, 
-1.71791, -0.0977268, 
-1.71146, -0.0995077, 
-1.70464, -0.101012, 
-1.69748, -0.102232, 
-1.69, -0.103159, 
-1.68221, -0.103786, 
-1.67415, -0.104108, 
-1.66584, -0.104121, 
-1.65731, -0.103823, 
-1.64857, -0.103211, 
-1.63966, -0.102287, 
-1.6306, -0.101053, 
-1.62142, -0.0995122, 
-1.61213, -0.09767, 
-1.60278, -0.0955337, 
-1.59337, -0.093112, 
-1.58395, -0.0904149, 
-1.57453, -0.087454, 
-1.56513, -0.0842422, 
-1.55579, -0.0807935, 
-1.54653, -0.0771229, 
-1.53736, -0.0732461, 
-1.52832, -0.0691796, 
-1.51942, -0.0649403, 
-1.5107, -0.0605455, 
-1.50216, -0.0560123, 
-1.49384, -0.051358, 
-1.48575, -0.0465997, 
-1.47791, -0.041754, 
-1.47035, -0.0368372, 
-1.46308, -0.0318649, 
-1.45612, -0.0268519, 
-1.44948, -0.0218127, 
-1.4432, -0.0167606, 
-1.43728, -0.0117085, 
-1.43173, -0.00666824, 
-1.42658, -0.00165112, 
-1.42183, 0.00333231, 
-1.41751, 0.00827211, 
-1.41361, 0.0131589, 
-1.41016, 0.0179838, 
-1.40715, 0.0227382, 
-1.40461, 0.0274139, 
-1.40253, 0.032003, 
-1.40092, 0.0364973, 
-1.39979, 0.0408892, 
-1.39913, 0.0451706, 
-1.39896, 0.0493336, 
-1.39926, 0.0533698, 
-1.40004, 0.057271, 
-1.4013, 0.0610284, 
-1.40302, 0.0646334, 
-1.40521, 0.0680768, 
-1.40786, 0.0713494, 
-1.41095, 0.0744418, 
-1.41448, 0.0773445, 
-1.41843, 0.080048, 
-1.42279, 0.0825429, 
-1.42756, 0.0848198, 
-1.4327, 0.0868698, 
-1.43821, 0.0886842, 
-1.44407, 0.0902547, 
-1.45026, 0.0915739, 
-1.45676, 0.0926348, 
-1.46355, 0.0934313, 
-1.47061, 0.0939585, 
-1.47791, 0.0942123, 
-1.48545, 0.0941896, 
-1.49318, 0.0938888, 
-1.5011, 0.0933095, 
-1.50918, 0.0924525, 
-1.51739, 0.0913201, 
-1.52572, 0.0899158, 
-1.53413, 0.0882446, 
-1.54261, 0.0863127, 
-1.55113, 0.0841278, 
-1.55967, 0.0816987, 
-1.5682, 0.0790351, 
-1.57671, 0.0761482, 
-1.58517, 0.0730498, 
-1.59356, 0.0697527, 
-1.60186, 0.0662702, 
-1.61004, 0.0626164, 
-1.61809, 0.0588056, 
-1.62599, 0.0548525, 
-1.63371, 0.0507719, 
-1.64123, 0.0465786, 
-1.64854, 0.0422874, 
-1.65562, 0.0379126, 
-1.66244, 0.0334686, 
-1.669, 0.0289692, 
-1.67527, 0.0244276, 
-1.68124, 0.0198567, 
-1.6869, 0.015269, 
-1.69222, 0.010676, 
-1.6972, 0.00608903, 
-1.70182, 0.00151878, 
-1.70607, -0.00302462, 
-1.70994, -0.00753147, 
-1.71341, -0.0119925, 
-1.71649, -0.0163989, 
-1.71916, -0.020742, 
-1.7214, -0.0250136, 
-1.72323, -0.0292054, 
-1.72463, -0.0333096, 
-1.7256, -0.0373181, 
-1.72614, -0.0412231, 
-1.72625, -0.0450167, 
-1.72592, -0.0486909, 
-1.72516, -0.0522376, 
-1.72398, -0.0556489, 
-1.72237, -0.0589163, 
-1.72034, -0.0620318, 
-1.7179, -0.0649868, 
-1.71506, -0.0677732, 
-1.71183, -0.0703826, 
-1.70822, -0.0728067, 
-1.70423, -0.0750375, 
-1.69989, -0.0770671, 
-1.6952, -0.078888, 
-1.69019, -0.0804931, 
-1.68486, -0.0818756, 
-1.67923, -0.0830295, 
-1.67333, -0.0839493, 
-1.66716, -0.0846304, 
-1.66075, -0.0850688, 
-1.65412, -0.0852616, 
-1.64729, -0.0852067, 
-1.64027, -0.0849032, 
-1.63309, -0.084351, 
-1.62577, -0.0835515, 
-1.61832, -0.0825069, 
-1.61078, -0.0812206, 
-1.60315, -0.079697, 
-1.59547, -0.077942, 
-1.58775, -0.075962, 
-1.58001, -0.0737648, 
-1.57228, -0.071359, 
-1.56458, -0.0687541, 
-1.55692, -0.0659602, 
-1.54932, -0.0629884, 
-1.54181, -0.0598501, 
-1.53441, -0.0565573, 
-1.52713, -0.0531224, 
-1.51999, -0.049558, 
-1.51302, -0.0458768, 
-1.50622, -0.0420917, 
-1.49963, -0.0382156, 
-1.49324, -0.0342611, 
-1.48709, -0.0302407, 
-1.48118, -0.0261667, 
-1.47553, -0.022051, 
-1.47016, -0.0179052, 
-1.46508, -0.0137405, 
-1.4603, -0.00956779, 
-1.45583, -0.00539741, 
-1.4517, -0.00123939, 
-1.4479, 0.00289662, 
-1.44444, 0.00700136, 
-1.44135, 0.0110659, 
-1.43862, 0.0150815, 
-1.43626, 0.01904, 
-1.43428, 0.022933, 
-1.43268, 0.0267526, 
-1.43146, 0.030491, 
-1.43064, 0.0341404, 
-1.43021, 0.0376931, 
-1.43017, 0.0411415, 
-1.43052, 0.0444781, 
-1.43125, 0.0476951, 
-1.43238, 0.0507851, 
-1.43388, 0.0537404, 
-1.43576, 0.0565535, 
-1.43802, 0.059217, 
-1.44063, 0.0617233, 
-1.4436, 0.0640652, 
-1.44691, 0.0662355, 
-1.45055, 0.0682273, 
-1.45452, 0.070034, 
-1.45879, 0.0716491, 
-1.46336, 0.0730669, 
-1.46822, 0.0742817, 
-1.47333, 0.0752887, 
-1.4787, 0.0760835, 
-1.48431, 0.0766626, 
-1.49013, 0.0770228, 
-1.49615, 0.0771622, 
-1.50235, 0.0770793, 
-1.50872, 0.0767737, 
-1.51524, 0.0762457, 
-1.52188, 0.0754969, 
-1.52863, 0.0745295, 
-1.53547, 0.0733466, 
-1.54238, 0.0719525, 
-1.54935, 0.0703522, 
-1.55634, 0.0685516, 
-1.56335, 0.0665575, 
-1.57035, 0.0643774, 
-1.57732, 0.0620195, 
-1.58426, 0.0594927, 
-1.59113, 0.0568066, 
-1.59792, 0.053971, 
-1.60461, 0.0509963, 
-1.61119, 0.0478932, 
-1.61764, 0.0446727, 
-1.62394, 0.0413459, 
-1.63007, 0.037924, 
-1.63602, 0.0344183, 
-1.64178, 0.0308399, 
-1.64732, 0.0271999, 
-1.65264, 0.0235091, 
-1.65772, 0.0197784, 
-1.66255, 0.0160182, 
-1.66711, 0.0122386, 
-1.6714, 0.00844964, 
-1.6754, 0.00466088, 
-1.6791, 0.000881655, 
-1.68249, -0.00287898, 
-1.68557, -0.00661227, 
-1.68832, -0.0103097, 
-1.69074, -0.013963, 
-1.69282, -0.0175642, 
-1.69457, -0.0211053, 
-1.69596, -0.0245787, 
-1.697, -0.0279769, 
-1.6977, -0.0312924, 
-1.69803, -0.0345178, 
-1.69802, -0.037646, 
-1.69765, -0.0406698, 
-1.69693, -0.043582, 
-1.69586, -0.0463756, 
-1.69445, -0.0490438, 
-1.6927, -0.0515796, 
-1.69062, -0.0539763, 
-1.68821, -0.0562272, 
-1.68548, -0.0583261, 
-1.68245, -0.0602665, 
-1.67911, -0.0620426, 
-1.67548, -0.0636487, 
-1.67158, -0.0650794, 
-1.66741, -0.0663298, 
-1.66299, -0.0673953, 
-1.65833, -0.0682721, 
-1.65344, -0.0689565, 
-1.64835, -0.0694459, 
-1.64305, -0.0697378, 
-1.63758, -0.0698309, 
-1.63195, -0.0697243, 
-1.62616, -0.0694179, 
-1.62025, -0.0689124, 
-1.61422, -0.0682093, 
-1.6081, -0.0673107, 
-1.6019, -0.0662199, 
-1.59564, -0.0649405, 
-1.58933, -0.0634772, 
-1.58299, -0.0618351, 
-1.57665, -0.0600204, 
-1.57031, -0.0580396, 
-1.56399, -0.0559, 
-1.55772, -0.0536093, 
-1.55151, -0.0511758, 
-1.54536, -0.0486082, 
-1.53931, -0.0459155, 
-1.53337, -0.0431071, 
-1.52755, -0.0401926, 
-1.52187, -0.0371816, 
-1.51633, -0.0340841, 
-1.51097, -0.03091, 
-1.50578, -0.0276691, 
-1.50079, -0.0243713, 
-1.496, -0.0210264, 
-1.49144, -0.0176439, 
-1.4871, -0.0142334, 
-1.48301, -0.010804, 
-1.47917, -0.00736496, 
-1.47559, -0.00392502, 
-1.47229, -0.000492849, 
-1.46926, 0.00292314, 
-1.46652, 0.00631473, 
-1.46408, 0.00967392, 
-1.46194, 0.0129929, 
-1.4601, 0.0162641, 
-1.45857, 0.01948, 
-1.45736, 0.0226334, 
-1.45647, 0.025717, 
-1.4559, 0.0287239, 
-1.45564, 0.0316471, 
-1.45571, 0.0344798, 
-1.45609, 0.0372154, 
-1.45679, 0.0398473, 
-1.4578, 0.042369, 
-1.45913, 0.0447741, 
-1.46076, 0.0470565, 
-1.46269, 0.0492102, 
-1.46491, 0.0512291, 
-1.46742, 0.0531077, 
-1.47021, 0.0548404, 
-1.47327, 0.0564223, 
-1.47658, 0.0578483, 
-1.48015, 0.0591139, 
-1.48396, 0.0602151, 
-1.48799, 0.061148, 
-1.49224, 0.0619095, 
-1.49669, 0.0624967, 
-1.50132, 0.0629075, 
-1.50614, 0.0631402, 
-1.51111, 0.0631936, 
-1.51623, 0.0630675, 
-1.52148, 0.0627619, 
-1.52685, 0.0622777, 
-1.53232, 0.0616164, 
-1.53787, 0.0607803, 
-1.54349, 0.0597722, 
-1.54917, 0.0585956, 
-1.55489, 0.0572545, 
-1.56063, 0.0557539, 
-1.56637, 0.0540989, 
-1.57211, 0.0522954, 
-1.57783, 0.0503499, 
-1.5835, 0.0482692, 
-1.58912, 0.0460606, 
-1.59467, 0.0437316, 
-1.60014, 0.0412903, 
-1.6055, 0.0387448, 
-1.61076, 0.0361036, 
-1.61588, 0.0333752, 
-1.62087, 0.0305685, 
-1.62571, 0.0276921, 
-1.63038, 0.0247549, 
-1.63487, 0.0217656, 
-1.63917, 0.018733, 
-1.64327, 0.0156658, 
-1.64716, 0.0125725, 
-1.65083, 0.00946148, 
-1.65427, 0.00634111, 
-1.65747, 0.00321948, 
-1.66042, 0.000104569, 
-1.66311, -0.00299584, 
-1.66555, -0.0060741, 
-1.66771, -0.00912277, 
-1.66961, -0.0121345, 
-1.67122, -0.0151023, 
-1.67255, -0.018019, 
-1.6736, -0.0208778, 
-1.67436, -0.023672, 
-1.67483, -0.026395, 
-1.67502, -0.0290405, 
-1.67491, -0.0316019, 
-1.67451, -0.0340733, 
-1.67383, -0.0364485, 
-1.67287, -0.0387215, 
-1.67163, -0.0408867, 
-1.67011, -0.0429384, 
-1.66832, -0.0448712, 
-1.66627, -0.0466799, 
-1.66395, -0.0483594, 
-1.66139, -0.049905, 
-1.65859, -0.0513122, 
-1.65555, -0.0525768, 
-1.65229, -0.0536951, 
-1.64881, -0.0546634, 
-1.64513, -0.0554788, 
-1.64126, -0.0561385, 
-1.63721, -0.0566403, 
-1.63299, -0.0569826, 
-1.62861, -0.057164, 
-1.62409, -0.0571839, 
-1.61943, -0.057042, 
-1.61466, -0.0567389, 
-1.60979, -0.0562754, 
-1.60483, -0.0556531, 
-1.59979, -0.0548741, 
-1.59469, -0.053941, 
-1.58954, -0.0528571, 
-1.58436, -0.0516261, 
-1.57916, -0.0502523, 
-1.57396, -0.0487404, 
-1.56877, -0.0470958, 
-1.5636, -0.045324, 
-1.55847, -0.0434311, 
-1.55339, -0.0414236, 
-1.54837, -0.0393081, 
-1.54344, -0.0370918, 
-1.53859, -0.0347819, 
-1.53385, -0.0323859, 
-1.52923, -0.0299113, 
-1.52473, -0.0273659, 
-1.52038, -0.0247575, 
-1.51618, -0.0220941, 
-1.51214, -0.0193833, 
-1.50827, -0.0166332, 
-1.50459, -0.0138515, 
-1.5011, -0.011046, 
-1.49782, -0.0082243, 
-1.49474, -0.00539396, 
-1.49188, -0.00256244, 
-1.48925, 0.000262946, 
-1.48685, 0.00307501, 
-1.48469, 0.0058667, 
-1.48277, 0.00863109, 
-1.4811, 0.0113614, 
-1.47969, 0.014051, 
-1.47853, 0.0166934, 
-1.47762, 0.0192822, 
-1.47698, 0.0218112, 
-1.4766, 0.0242742, 
-1.47648, 0.0266653, 
-1.47662, 0.0289786, 
-1.47702, 0.0312086, 
-1.47768, 0.0333495, 
-1.4786, 0.035396, 
-1.47976, 0.037343, 
-1.48118, 0.0391853, 
-1.48284, 0.040918, 
-1.48474, 0.0425366, 
-1.48687, 0.0440366, 
-1.48922, 0.0454138, 
-1.49179, 0.0466644, 
-1.49458, 0.0477848, 
-1.49756, 0.0487716, 
-1.50074, 0.0496219, 
-1.5041, 0.0503331, 
-1.50763, 0.0509032, 
-1.51132, 0.0513302, 
-1.51516, 0.0516128, 
-1.51915, 0.0517502, 
-1.52326, 0.0517419, 
-1.52749, 0.051588, 
-1.53182, 0.0512889, 
-1.53625, 0.0508457, 
-1.54075, 0.05026, 
-1.54532, 0.0495336, 
-1.54995, 0.0486691, 
-1.55461, 0.0476694, 
-1.55931, 0.046538, 
-1.56401, 0.0452787, 
-1.56872, 0.0438958, 
-1.57342, 0.042394, 
-1.5781, 0.0407784, 
-1.58274, 0.0390543, 
-1.58733, 0.0372275, 
-1.59186, 0.0353039, 
-1.59632, 0.0332898, 
-1.60069, 0.0311917, 
-1.60496, 0.0290162, 
-1.60913, 0.0267701, 
-1.61318, 0.0244602, 
-1.6171, 0.0220937, 
-1.62088, 0.0196774, 
-1.62451, 0.0172185, 
-1.62798, 0.0147241, 
-1.63128, 0.0122012, 
-1.63441, 0.00965683, 
-1.63735, 0.00709792, 
-1.6401, 0.00453136, 
-1.64265, 0.00196397, 
-1.645, -0.000597561, 
-1.64713, -0.00314662, 
-1.64905, -0.00567672, 
-1.65074, -0.00818148, 
-1.65221, -0.0106546, 
-1.65346, -0.01309, 
-1.65446, -0.0154817, 
-1.65524, -0.0178237, 
-1.65578, -0.0201103, 
-1.65608, -0.0223358, 
-1.65615, -0.0244948, 
-1.65598, -0.026582, 
-1.65557, -0.0285919, 
-1.65494, -0.0305198, 
-1.65407, -0.0323605, 
-1.65297, -0.0341095, 
-1.65165, -0.0357621, 
-1.65011, -0.0373141, 
-1.64836, -0.0387612, 
-1.64639, -0.0400997, 
-1.64423, -0.0413257, 
-1.64187, -0.0424361, 
-1.63932, -0.0434275, 
-1.63659, -0.0442973, 
-1.63368, -0.0450429, 
-1.63062, -0.0456622, 
-1.6274, -0.0461533, 
-1.62403, -0.0465149, 
-1.62053, -0.046746, 
-1.6169, -0.0468458, 
-1.61316, -0.0468141, 
-1.60932, -0.0466512, 
-1.60538, -0.0463577, 
-1.60136, -0.0459345, 
-1.59728, -0.0453832, 
-1.59313, -0.0447056, 
-1.58894, -0.0439041, 
-1.58471, -0.0429814, 
-1.58046, -0.0419406, 
-1.57619, -0.0407851, 
-1.57193, -0.039519, 
-1.56768, -0.0381463, 
-1.56345, -0.0366716, 
-1.55926, -0.0350998, 
-1.55511, -0.0334358, 
-1.55102, -0.0316852, 
-1.54699, -0.0298535, 
-1.54305, -0.0279463, 
-1.5392, -0.0259698, 
-1.53544, -0.0239298, 
-1.53179, -0.0218327, 
-1.52827, -0.0196847, 
-1.52487, -0.017492, 
-1.52161, -0.0152611, 
-1.51849, -0.0129983, 
-1.51553, -0.01071, 
-1.51273, -0.00840262, 
-1.5101, -0.00608239, 
-1.50764, -0.00375562, 
-1.50536, -0.0014285, 
-1.50327, 0.000892838, 
-1.50138, 0.00320234, 
-1.49968, 0.00549406, 
-1.49818, 0.00776212, 
-1.49689, 0.0100008, 
-1.4958, 0.0122044, 
-1.49493, 0.0143674, 
-1.49427, 0.0164844, 
-1.49382, 0.0185501, 
-1.49358, 0.0205593, 
-1.49356, 0.0225071, 
-1.49376, 0.0243884, 
-1.49416, 0.0261985, 
-1.49478, 0.027933, 
-1.4956, 0.0295872, 
-1.49663, 0.031157, 
-1.49786, 0.0326382, 
-1.49929, 0.0340271, 
-1.50091, 0.0353199, 
-1.50272, 0.0365132, 
-1.50471, 0.0376038, 
-1.50688, 0.0385886, 
-1.50921, 0.0394651, 
-1.51171, 0.0402308, 
-1.51436, 0.0408836, 
-1.51716, 0.0414217, 
-1.5201, 0.0418436, 
-1.52317, 0.0421482, 
-1.52636, 0.0423347, 
-1.52966, 0.0424026, 
-1.53306, 0.0423519, 
-1.53656, 0.0421828, 
-1.54014, 0.041896, 
-1.54378, 0.0414926, 
-1.5475, 0.040974, 
-1.55126, 0.0403419, 
-1.55506, 0.0395985, 
-1.55889, 0.0387464, 
-1.56274, 0.0377883, 
-1.5666, 0.0367274, 
-1.57046, 0.0355673, 
-1.57431, 0.0343116, 
-1.57813, 0.0329646, 
-1.58192, 0.0315305, 
-1.58567, 0.0300139, 
-1.58936, 0.0284197, 
-1.59299, 0.0267527, 
-1.59655, 0.0250182, 
-1.60002, 0.0232215, 
-1.60341, 0.021368, 
-1.60669, 0.0194632, 
-1.60986, 0.0175129, 
-1.61291, 0.0155227, 
-1.61584, 0.0134983, 
-1.61864, 0.0114455, 
-1.6213, 0.00937002, 
-1.6238, 0.0072777, 
-1.62616, 0.00517423, 
-1.62835, 0.00306533, 
-1.63038, 0.000956633, 
-1.63224, -0.00114625, 
-1.63392, -0.00323781, 
-1.63543, -0.00531258, 
-1.63675, -0.0073652, 
-1.63788, -0.00939039, 
-1.63883, -0.011383, 
-1.63958, -0.0133379, 
-1.64015, -0.0152502, 
-1.64052, -0.017115, 
-1.64069, -0.0189276, 
-1.64068, -0.0206834, 
-1.64047, -0.022378, 
-1.64007, -0.0240069, 
-1.63947, -0.0255662, 
-1.63869, -0.0270517, 
-1.63773, -0.0284596, 
-1.63658, -0.0297863, 
-1.63526, -0.0310283, 
-1.63376, -0.0321823, 
-1.63209, -0.0332454, 
-1.63026, -0.0342146, 
-1.62827, -0.0350874, 
-1.62613, -0.0358615, 
-1.62384, -0.0365348, 
-1.62142, -0.0371055, 
-1.61886, -0.0375721, 
-1.61618, -0.0379333, 
-1.61338, -0.0381883, 
-1.61048, -0.0383365, 
-1.60747, -0.0383775, 
-1.60438, -0.0383113, 
-1.6012, -0.0381385, 
-1.59795, -0.0378596, 
-1.59464, -0.0374757, 
-1.59127, -0.0369881, 
-1.58786, -0.0363986, 
-1.58441, -0.035709, 
-1.58094, -0.0349218, 
-1.57745, -0.0340394, 
-1.57395, -0.0330649, 
-1.57046, -0.0320013, 
-1.56698, -0.0308521, 
-1.56352, -0.029621, 
-1.5601, -0.0283119, 
-1.55672, -0.0269289, 
-1.55338, -0.0254762, 
-1.55011, -0.0239585, 
-1.5469, -0.0223803, 
-1.54377, -0.0207465, 
-1.54072, -0.0190618, 
-1.53777, -0.0173313, 
-1.53492, -0.0155602, 
-1.53217, -0.0137534, 
-1.52954, -0.0119162, 
-1.52703, -0.0100538, 
-1.52466, -0.00817149, 
-1.52241, -0.00627438, 
-1.52031, -0.00436772, 
-1.51835, -0.0024567, 
-1.51654, -0.000546453, 
-1.51489, 0.00135791, 
-1.51339, 0.00325136, 
-1.51206, 0.00512892, 
-1.5109, 0.00698569, 
-1.5099, 0.00881684, 
-1.50908, 0.0106177, 
-1.50843, 0.0123835, 
-1.50795, 0.0141098, 
-1.50765, 0.0157922, 
-1.50752, 0.0174264, 
-1.50757, 0.0190082, 
-1.5078, 0.0205335, 
-1.50819, 0.0219985, 
-1.50876, 0.0233993, 
-1.5095, 0.0247324, 
-1.5104, 0.0259943, 
-1.51147, 0.0271818, 
-1.5127, 0.0282917, 
-1.51408, 0.0293212, 
-1.51562, 0.0302675, 
-1.5173, 0.0311283, 
-1.51913, 0.0319012, 
-1.52109, 0.0325842, 
-1.52319, 0.0331755, 
-1.5254, 0.0336736, 
-1.52774, 0.0340773, 
-1.53019, 0.0343854, 
-1.53274, 0.0345974, 
-1.53538, 0.0347127, 
-1.53812, 0.0347311, 
-1.54093, 0.0346529, 
-1.54382, 0.0344784, 
-1.54677, 0.0342082, 
-1.54978, 0.0338435, 
-1.55284, 0.0333855, 
-1.55593, 0.0328358, 
-1.55906, 0.0321962, 
-1.56221, 0.0314688, 
-1.56537, 0.030656, 
-1.56853, 0.0297604, 
-1.57169, 0.028785, 
-1.57484, 0.0277328, 
-1.57796, 0.0266072, 
-1.58106, 0.0254117, 
-1.58411, 0.02415, 
-1.58712, 0.0228259, 
-1.59007, 0.0214436, 
-1.59296, 0.0200072, 
-1.59578, 0.018521, 
-1.59853, 0.0169894, 
-1.60118, 0.015417, 
-1.60375, 0.0138083, 
-1.60621, 0.0121679, 
-1.60857, 0.0105005, 
-1.61082, 0.00881092, 
-1.61295, 0.00710378, 
-1.61496, 0.00538385, 
-1.61684, 0.00365585, 
-1.61859, 0.00192449, 
-1.6202, 0.000194456, 
-1.62167, -0.00152962, 
-1.62299, -0.00324315, 
-1.62417, -0.00494161, 
-1.62519, -0.00662051, 
-1.62606, -0.00827548, 
-1.62678, -0.0099022, 
-1.62734, -0.0114965, 
-1.62774, -0.0130541, 
-1.62798, -0.0145712, 
-1.62807, -0.0160437, 
-1.62799, -0.0174679, 
-1.62776, -0.0188401, 
-1.62737, -0.0201568, 
-1.62683, -0.0214146, 
-1.62613, -0.0226103, 
-1.62529, -0.0237406, 
-1.62429, -0.0248028, 
-1.62315, -0.0257941, 
-1.62187, -0.0267119, 
-1.62046, -0.0275538, 
-1.61891, -0.0283177, 
-1.61723, -0.0290015, 
-1.61543, -0.0296035, 
-1.61352, -0.0301222, 
-1.61149, -0.0305563, 
-1.60936, -0.0309046, 
-1.60712, -0.0311664, 
-1.6048, -0.0313411, 
-1.60239, -0.0314284, 
-1.5999, -0.0314282, 
-1.59734, -0.0313406, 
-1.59471, -0.0311661, 
-1.59203, -0.0309055, 
-1.5893, -0.0305596, 
-1.58652, -0.0301298, 
-1.58372, -0.0296174, 
-1.58088, -0.0290241, 
-1.57803, -0.028352, 
-1.57517, -0.0276032, 
-1.57231, -0.0267801, 
-1.56945, -0.0258854, 
-1.5666, -0.0249217, 
-1.56378, -0.0238923, 
-1.56098, -0.0228002, 
-1.55822, -0.0216488, 
-1.55551, -0.0204416, 
-1.55285, -0.0191823, 
-1.55024, -0.0178746, 
-1.5477, -0.0165225, 
-1.54523, -0.0151299, 
-1.54284, -0.0137008, 
-1.54054, -0.0122395, 
-1.53832, -0.0107501, 
-1.53621, -0.0092369, 
-1.53419, -0.00770407, 
-1.53228, -0.00615595, 
-1.53049, -0.00459682, 
-1.52881, -0.00303098, 
-1.52725, -0.0014627, 
-1.52582, 0.000103769, 
-1.52451, 0.00166421, 
-1.52334, 0.00321446, 
-1.5223, 0.00475038, 
-1.5214, 0.00626791, 
-1.52064, 0.00776307, 
-1.52002, 0.00923192, 
-1.51954, 0.0106706, 
-1.51921, 0.0120755, 
-1.51901, 0.0134428, 
-1.51896, 0.014769, 
-1.51906, 0.0160507, 
-1.5193, 0.0172846, 
-1.51967, 0.0184675, 
-1.52019, 0.0195962, 
-1.52085, 0.020668, 
-1.52164, 0.0216801, 
-1.52257, 0.0226297, 
-1.52362, 0.0235146, 
-1.5248, 0.0243323, 
-1.52611, 0.0250808, 
-1.52753, 0.0257581, 
-1.52907, 0.0263627, 
-1.53072, 0.0268928, 
-1.53247, 0.0273472, 
-1.53433, 0.0277248, 
-1.53628, 0.0280246, 
-1.53831, 0.028246, 
-1.54043, 0.0283886, 
-1.54263, 0.0284521, 
-1.54489, 0.0284364, 
-1.54722, 0.0283419, 
-1.54961, 0.028169, 
-1.55205, 0.0279184, 
-1.55453, 0.027591, 
-1.55704, 0.0271879, 
-1.55959, 0.0267105, 
-1.56216, 0.0261605, 
-1.56474, 0.0255395, 
-1.56733, 0.0248496, 
-1.56993, 0.024093, 
-1.57251, 0.0232721, 
-1.57508, 0.0223895, 
-1.57764, 0.0214478, 
-1.58016, 0.02045, 
-1.58265, 0.019399, 
-1.5851, 0.0182982, 
-1.5875, 0.0171508, 
-1.58985, 0.0159601, 
-1.59214, 0.0147298, 
-1.59436, 0.0134634, 
-1.59651, 0.0121646, 
-1.59858, 0.0108372, 
-1.60057, 0.00948485, 
-1.60246, 0.00811149, 
-1.60427, 0.00672097, 
-1.60598, 0.00531716, 
-1.60758, 0.00390397, 
-1.60908, 0.00248529, 
-1.61047, 0.00106498, 
-1.61175, -0.000353085, 
-1.6129, -0.00176508, 
-1.61394, -0.00316721, 
-1.61486, -0.00455574, 
-1.61565, -0.00592698, 
-1.61631, -0.00727729, 
-1.61685, -0.00860312, 
-1.61726, -0.00990099, 
-1.61753, -0.0111675, 
-1.61768, -0.0123993, 
-1.6177, -0.0135933, 
-1.61759, -0.0147463, 
-1.61735, -0.0158553, 
-1.61698, -0.0169174, 
-1.61649, -0.01793, 
-1.61587, -0.0188903, 
-1.61513, -0.0197959, 
-1.61427, -0.0206445, 
-1.6133, -0.0214339, 
-1.6122, -0.0221621, 
-1.611, -0.0228271, 
-1.60969, -0.0234274, 
-1.60828, -0.0239613, 
-1.60677, -0.0244277, 
-1.60516, -0.0248252, 
-1.60347, -0.0251531, 
-1.60169, -0.0254104, 
-1.59983, -0.0255967, 
-1.5979, -0.0257116, 
-1.5959, -0.025755, 
-1.59384, -0.0257268, 
-1.59172, -0.0256275, 
-1.58955, -0.0254573, 
-1.58734, -0.0252171, 
-1.58508, -0.0249076, 
-1.5828, -0.02453, 
-1.58049, -0.0240855, 
-1.57816, -0.0235757, 
-1.57582, -0.023002, 
-1.57348, -0.0223665, 
-1.57113, -0.021671, 
-1.56879, -0.0209179, 
-1.56647, -0.0201093, 
-1.56416, -0.0192478, 
-1.56188, -0.018336, 
-1.55963, -0.0173767, 
-1.55743, -0.0163728, 
-1.55526, -0.0153272, 
-1.55315, -0.014243, 
-1.55109, -0.0131234, 
-1.54909, -0.0119717, 
-1.54716, -0.0107912, 
-1.54529, -0.00958536, 
-1.54351, -0.0083575, 
-1.54181, -0.00711115, 
-1.54019, -0.00584981, 
-1.53866, -0.00457699, 
-1.53723, -0.00329623, 
-1.53589, -0.00201106, 
-1.53465, -0.000724987, 
-1.53352, 0.000558477, 
-1.53249, 0.00183586, 
-1.53158, 0.00310373, 
-1.53077, 0.00435867, 
-1.53008, 0.00559736, 
-1.5295, 0.00681648, 
-1.52903, 0.00801283, 
-1.52869, 0.00918324, 
-1.52846, 0.0103246, 
-1.52835, 0.011434, 
-1.52835, 0.0125085, 
-1.52848, 0.0135453, 
-1.52872, 0.0145416, 
-1.52907, 0.015495, 
-1.52954, 0.0164029, 
-1.53012, 0.017263, 
-1.53081, 0.0180731, 
-1.53161, 0.018831, 
-1.53252, 0.0195349, 
-1.53352, 0.020183, 
-1.53463, 0.0207735, 
-1.53583, 0.0213051, 
-1.53713, 0.0217763, 
-1.53851, 0.0221861, 
-1.53998, 0.0225334, 
-1.54153, 0.0228175, 
-1.54315, 0.0230377, 
-1.54485, 0.0231935, 
-1.54661, 0.0232847, 
-1.54843, 0.0233111, 
-1.55031, 0.023273, 
-1.55224, 0.0231704, 
-1.55421, 0.0230041, 
-1.55622, 0.0227744, 
-1.55826, 0.0224824, 
-1.56034, 0.022129, 
-1.56243, 0.0217154, 
-1.56454, 0.021243, 
-1.56666, 0.0207132, 
-1.56878, 0.0201278, 
-1.57091, 0.0194886, 
-1.57302, 0.0187976, 
-1.57512, 0.0180568, 
-1.57721, 0.0172687, 
-1.57926, 0.0164355, 
-1.58129, 0.0155598, 
-1.58328, 0.0146441, 
-1.58524, 0.0136912, 
-1.58714, 0.012704, 
-1.58899, 0.0116851, 
-1.59079, 0.0106378, 
-1.59253, 0.00956482, 
-1.5942, 0.00846939, 
-1.5958, 0.00735459, 
-1.59733, 0.00622356, 
-1.59878, 0.00507949, 
-1.60014, 0.00392555, 
-1.60142, 0.00276496, 
-1.60262, 0.0016009, 
-1.60372, 0.000436575, 
-1.60472, -0.000724847, 
-1.60563, -0.00188021, 
-1.60645, -0.00302641, 
-1.60716, -0.00416035, 
-1.60776, -0.005279, 
-1.60827, -0.00637939, 
-1.60867, -0.00745858, 
-1.60896, -0.00851373, 
-1.60914, -0.00954205, 
-1.60922, -0.0105408, 
-1.6092, -0.0115075, 
-1.60907, -0.0124394, 
-1.60883, -0.0133343, 
-1.60849, -0.0141897, 
-1.60804, -0.0150035, 
-1.6075, -0.0157735, 
-1.60685, -0.0164978, 
-1.60611, -0.0171745, 
-1.60527, -0.0178018, 
-1.60434, -0.0183783, 
-1.60332, -0.0189023, 
-1.60222, -0.0193727, 
-1.60103, -0.0197883, 
-1.59976, -0.020148, 
-1.59842, -0.020451, 
-1.597, -0.0206966, 
-1.59552, -0.0208843, 
-1.59397, -0.0210137, 
-1.59237, -0.0210846, 
-1.59071, -0.0210969, 
-1.589, -0.0210509, 
-1.58725, -0.0209467, 
-1.58546, -0.0207849, 
-1.58363, -0.020566, 
-1.58178, -0.0202909, 
-1.5799, -0.0199605, 
-1.578, -0.0195758, 
-1.57609, -0.0191382, 
-1.57417, -0.0186491, 
-1.57224, -0.01811, 
-1.57032, -0.0175225, 
-1.56841, -0.0168885, 
-1.56651, -0.01621, 
-1.56463, -0.0154889, 
-1.56277, -0.0147276, 
-1.56094, -0.0139281, 
-1.55914, -0.013093, 
-1.55738, -0.0122246, 
-1.55567, -0.0113256, 
-1.554, -0.0103984, 
-1.55238, -0.00944592, 
-1.55082, -0.00847074, 
-1.54932, -0.0074757, 
-1.54789, -0.0064636, 
-1.54652, -0.00543731, 
-1.54522, -0.00439969, 
-1.544, -0.00335365, 
-1.54286, -0.00230207, 
-1.54179, -0.00124787, 
-1.54081, -0.000193928, 
-1.53992, 0.000856872, 
-1.53911, 0.00190168, 
-1.5384, 0.00293766, 
-1.53777, 0.00396204, 
-1.53724, 0.00497205, 
-1.5368, 0.00596501, 
-1.53646, 0.00693828, 
-1.53622, 0.00788926, 
-1.53607, 0.00881544, 
-1.53601, 0.00971439, 
-1.53605, 0.0105837, 
-1.53619, 0.0114212, 
-1.53643, 0.0122247, 
-1.53675, 0.0129919, 
-1.53717, 0.0137211, 
-1.53769, 0.0144102, 
-1.53829, 0.0150575, 
-1.53898, 0.0156614, 
-1.53975, 0.0162203, 
-1.54061, 0.0167327, 
-1.54155, 0.0171975, 
-1.54256, 0.0176135, 
-1.54365, 0.0179796, 
-1.54481, 0.018295, 
-1.54604, 0.0185589, 
-1.54734, 0.0187708, 
-1.54869, 0.0189301, 
-1.5501, 0.0190367, 
-1.55156, 0.0190903, 
-1.55307, 0.019091, 
-1.55463, 0.0190389, 
-1.55622, 0.0189343, 
-1.55785, 0.0187776, 
-1.55951, 0.0185695, 
-1.56119, 0.0183107, 
-1.5629, 0.018002, 
-1.56462, 0.0176446, 
-1.56635, 0.0172394, 
-1.56809, 0.016788, 
-1.56983, 0.0162915, 
-1.57157, 0.0157517, 
-1.5733, 0.0151702, 
-1.57501, 0.0145486, 
-1.57671, 0.013889, 
-1.57839, 0.0131933, 
-1.58004, 0.0124635, 
-1.58166, 0.0117018, 
-1.58325, 0.0109105, 
-1.58479, 0.0100918, 
-1.58629, 0.00924813, 
-1.58774, 0.00838193, 
-1.58915, 0.00749566, 
-1.59049, 0.00659185, 
-1.59178, 0.00567306, 
-1.59301, 0.00474187, 
-1.59417, 0.0038009, 
-1.59526, 0.00285276, 
-1.59628, 0.00190009, 
-1.59723, 0.000945506, 
-1.5981, -8.36793e-06, 
-1.5989, -0.000958924, 
-1.59961, -0.00190358, 
-1.60024, -0.00283977, 
-1.60079, -0.00376497, 
-1.60125, -0.00467671, 
-1.60163, -0.00557253, 
-1.60192, -0.00645004, 
-1.60213, -0.00730692, 
-1.60225, -0.0081409, 
-1.60228, -0.00894978, 
-1.60222, -0.00973142, 
-1.60208, -0.0104838, 
-1.60185, -0.0112049, 
-1.60154, -0.0118929, 
-1.60114, -0.012546, 
-1.60066, -0.0131625, 
-1.6001, -0.0137408, 
-1.59946, -0.0142795, 
-1.59875, -0.0147771, 
-1.59796, -0.0152325, 
-1.59709, -0.0156445, 
-1.59616, -0.0160121, 
-1.59516, -0.0163343, 
-1.5941, -0.0166105, 
-1.59297, -0.01684, 
-1.59179, -0.0170223, 
-1.59056, -0.017157, 
-1.58927, -0.0172439, 
-1.58794, -0.0172829, 
-1.58656, -0.017274, 
-1.58515, -0.0172173, 
-1.5837, -0.0171133, 
-1.58222, -0.0169623, 
-1.58071, -0.0167648, 
-1.57919, -0.0165217, 
-1.57764, -0.0162336, 
-1.57608, -0.0159016, 
-1.57451, -0.0155267, 
-1.57293, -0.0151101, 
-1.57136, -0.0146532, 
-1.56979, -0.0141572, 
-1.56822, -0.0136238, 
-1.56667, -0.0130546, 
-1.56514, -0.0124512, 
-1.56363, -0.0118155, 
-1.56214, -0.0111493, 
-1.56068, -0.0104547, 
-1.55925, -0.00973358, 
-1.55786, -0.00898812, 
-1.55651, -0.00822045, 
-1.5552, -0.00743278, 
-1.55394, -0.00662737, 
-1.55273, -0.00580649, 
-1.55158, -0.00497247, 
-1.55048, -0.00412766, 
-1.54944, -0.00327442, 
-1.54846, -0.00241512, 
-1.54755, -0.00155215, 
-1.54671, -0.000687892, 
-1.54593, 0.000175288, 
-1.54523, 0.00103503, 
-1.5446, 0.00188898, 
-1.54404, 0.00273484, 
-1.54356, 0.00357032, 
-1.54315, 0.00439316, 
-1.54283, 0.00520117, 
-1.54258, 0.00599219, 
-1.54241, 0.00676411, 
-1.54232, 0.00751488, 
-1.5423, 0.00824252, 
-1.54237, 0.00894512, 
-1.54252, 0.00962083, 
-1.54274, 0.0102679, 
-1.54304, 0.0108846, 
-1.54341, 0.0114694, 
-1.54386, 0.0120207, 
-1.54438, 0.0125372, 
-1.54497, 0.0130175, 
-1.54563, 0.0134605, 
-1.54636, 0.0138649, 
-1.54716, 0.0142299, 
-1.54801, 0.0145544, 
-1.54893, 0.0148378, 
-1.5499, 0.0150794, 
-1.55093, 0.0152786, 
-1.55201, 0.0154349, 
-1.55314, 0.0155482, 
-1.55431, 0.0156182, 
-1.55552, 0.0156448, 
-1.55678, 0.0156281, 
-1.55806, 0.0155683, 
-1.55938, 0.0154657, 
-1.56072, 0.0153207, 
-1.56209, 0.0151337, 
-1.56348, 0.0149056, 
-1.56488, 0.014637, 
-1.5663, 0.0143288, 
-1.56772, 0.0139821, 
-1.56914, 0.0135978, 
-1.57057, 0.0131773, 
-1.57199, 0.0127218, 
-1.5734, 0.0122326, 
-1.5748, 0.0117113, 
-1.57619, 0.0111595, 
-1.57756, 0.0105786, 
-1.5789, 0.00997062, 
-1.58022, 0.00933715, 
-1.5815, 0.0086801, 
-1.58275, 0.00800135, 
-1.58397, 0.00730288, 
-1.58514, 0.00658668, 
-1.58627, 0.0058548, 
-1.58736, 0.0051093, 
-1.58839, 0.00435231, 
-1.58938, 0.00358593, 
-1.59031, 0.00281233, 
-1.59118, 0.00203364, 
-1.59199, 0.00125202, 
-1.59274, 0.000469643, 
-1.59343, -0.000311355, 
-1.59406, -0.00108884, 
-1.59461, -0.00186068, 
-1.59511, -0.00262479, 
-1.59553, -0.0033791, 
-1.59588, -0.00412159, 
-1.59616, -0.00485025, 
-1.59637, -0.00556315, 
-1.59651, -0.00625838, 
-1.59658, -0.00693409, 
-1.59658, -0.0075885, 
-1.5965, -0.0082199, 
-1.59636, -0.00882661, 
-1.59614, -0.00940705, 
-1.59586, -0.00995973, 
-1.59551, -0.0104832, 
-1.59509, -0.0109761, 
-1.5946, -0.0114372, 
-1.59406, -0.0118653, 
-1.59345, -0.0122594, 
-1.59277, -0.0126184, 
-1.59204, -0.0129414, 
-1.59126, -0.0132278, 
-1.59042, -0.0134768, 
-1.58953, -0.0136878, 
-1.58859, -0.0138603, 
-1.5876, -0.0139941, 
-1.58657, -0.0140887, 
-1.5855, -0.0141442, 
-1.5844, -0.0141605, 
-1.58326, -0.0141376, 
-1.58209, -0.0140757, 
-1.58089, -0.0139751, 
-1.57967, -0.0138363, 
-1.57843, -0.0136597, 
-1.57717, -0.0134459, 
-1.5759, -0.0131957, 
-1.57461, -0.0129098, 
-1.57333, -0.0125893, 
-1.57204, -0.012235, 
-1.57075, -0.0118481, 
-1.56946, -0.0114297, 
-1.56818, -0.0109813, 
-1.56692, -0.0105039, 
-1.56567, -0.00999926, 
-1.56443, -0.00946867, 
-1.56322, -0.00891376, 
-1.56204, -0.00833614, 
-1.56088, -0.00773749, 
-1.55975, -0.00711955, 
-1.55866, -0.00648409, 
-1.5576, -0.00583293, 
-1.55659, -0.00516793, 
-1.55562, -0.00449096, 
-1.55469, -0.00380393, 
-1.55381, -0.00310879, 
-1.55298, -0.00240746, 
-1.5522, -0.00170189, 
-1.55147, -0.000994055, 
-1.5508, -0.000285892, 
-1.55019, 0.000420651, 
-1.54964, 0.00112364, 
-1.54914, 0.00182116, 
-1.54871, 0.00251131, 
-1.54834, 0.00319223, 
-1.54804, 0.00386208, 
-1.54779, 0.00451907, 
-1.54762, 0.00516144, 
-1.5475, 0.00578747, 
-1.54745, 0.0063955, 
-1.54747, 0.00698393, 
-1.54755, 0.0075512, 
-1.54769, 0.00809582, 
-1.5479, 0.00861638, 
-1.54817, 0.00911152, 
-1.5485, 0.00957996, 
-1.54889, 0.0100205, 
-1.54934, 0.010432, 
-1.54985, 0.0108134, 
-1.55041, 0.0111638, 
-1.55103, 0.0114823, 
-1.5517, 0.0117682, 
-1.55242, 0.0120206, 
-1.55319, 0.0122391, 
-1.55401, 0.0124231, 
-1.55487, 0.0125723, 
-1.55577, 0.0126863, 
-1.55671, 0.0127649, 
-1.55768, 0.012808, 
-1.55869, 0.0128156, 
-1.55973, 0.0127878, 
-1.56079, 0.0127248, 
-1.56188, 0.0126268, 
-1.56299, 0.0124943, 
-1.56412, 0.0123277, 
-1.56526, 0.0121277, 
-1.56641, 0.0118948, 
-1.56757, 0.0116298, 
-1.56874, 0.0113335, 
-1.56991, 0.011007, 
-1.57107, 0.0106511, 
-1.57224, 0.0102671, 
-1.57339, 0.00985593, 
-1.57453, 0.00941897, 
-1.57566, 0.00895749, 
-1.57678, 0.00847285, 
-1.57787, 0.00796647, 
-1.57894, 0.00743983, 
-1.57998, 0.00689446, 
-1.58099, 0.00633192, 
-1.58197, 0.00575384, 
-1.58292, 0.00516187, 
-1.58383, 0.00455769, 
-1.58471, 0.00394301, 
-1.58554, 0.00331956, 
-1.58633, 0.00268908, 
-1.58707, 0.00205335, 
-1.58777, 0.00141412, 
-1.58841, 0.000773174, 
-1.58901, 0.000132269, 
-1.58955, -0.00050683, 
-1.59004, -0.00114237, 
-1.59048, -0.00177263, 
-1.59086, -0.00239588, 
-1.59118, -0.00301045, 
-1.59144, -0.00361468, 
-1.59165, -0.00420694, 
-1.5918, -0.00478565, 
-1.59189, -0.00534926, 
-1.59193, -0.00589628, 
-1.5919, -0.00642526, 
-1.59182, -0.00693481, 
-1.59167, -0.00742359, 
-1.59148, -0.00789032, 
-1.59122, -0.0083338, 
-1.59091, -0.00875287, 
-1.59055, -0.00914647, 
-1.59013, -0.00951358, 
-1.58966, -0.00985328, 
-1.58914, -0.0101647, 
-1.58857, -0.0104471, 
-1.58795, -0.0106998, 
-1.58729, -0.0109222, 
-1.58658, -0.0111137, 
-1.58584, -0.011274, 
-1.58505, -0.0114026, 
-1.58423, -0.0114994, 
-1.58337, -0.0115641, 
-1.58249, -0.0115967, 
-1.58157, -0.0115971, 
-1.58063, -0.0115656, 
-1.57966, -0.0115022, 
-1.57867, -0.0114073, 
-1.57766, -0.0112812, 
-1.57664, -0.0111243, 
-1.5756, -0.0109373, 
-1.57456, -0.0107207, 
-1.5735, -0.0104752, 
-1.57245, -0.0102015, 
-1.57139, -0.00990068, 
-1.57033, -0.00957348, 
-1.56928, -0.00922095, 
-1.56824, -0.00884415, 
-1.56721, -0.00844421, 
-1.56619, -0.00802231, 
-1.56519, -0.00757969, 
-1.5642, -0.00711766, 
-1.56324, -0.00663755, 
-1.5623, -0.00614076, 
-1.56139, -0.00562873, 
-1.5605, -0.0051029, 
-1.55965, -0.0045648, 
-1.55883, -0.00401593, 
-1.55805, -0.00345786, 
-1.55731, -0.00289216, 
-1.5566, -0.00232041, 
-1.55594, -0.0017442, 
-1.55532, -0.00116514, 
-1.55474, -0.000584828, 
-1.55421, -4.8677e-06, 
-1.55373, 0.000573149, 
-1.55329, 0.00114764, 
-1.55291, 0.00171704, 
-1.55258, 0.0022798, 
-1.5523, 0.00283439, 
-1.55207, 0.00337933, 
-1.55189, 0.00391315, 
-1.55176, 0.00443441, 
-1.55169, 0.00494174, 
-1.55167, 0.00543377, 
-1.55171, 0.00590922, 
-1.55179, 0.00636682, 
-1.55193, 0.00680538, 
-1.55212, 0.00722375, 
-1.55236, 0.00762085, 
-1.55265, 0.00799565, 
-1.55299, 0.0083472, 
-1.55338, 0.0086746, 
-1.55382, 0.00897701, 
-1.5543, 0.0092537, 
-1.55482, 0.00950398, 
-1.55539, 0.00972723, 
-1.55599, 0.00992294, 
-1.55664, 0.0100906, 
-1.55732, 0.01023, 
-1.55804, 0.0103406, 
-1.55879, 0.0104224, 
-1.55957, 0.0104751, 
-1.56038, 0.0104988, 
-1.56121, 0.0104934, 
-1.56207, 0.010459, 
-1.56295, 0.0103959, 
-1.56385, 0.0103043, 
-1.56477, 0.0101846, 
-1.5657, 0.0100372, 
-1.56664, 0.0098625, 
-1.56758, 0.00966118, 
-1.56854, 0.00943387, 
-1.56949, 0.00918127, 
-1.57045, 0.00890416, 
-1.5714, 0.00860341, 
-1.57235, 0.00827991, 
-1.5733, 0.00793465, 
-1.57423, 0.00756865, 
-1.57515, 0.007183, 
-1.57605, 0.00677883, 
-1.57694, 0.00635731, 
-1.57781, 0.00591969, 
-1.57865, 0.00546721, 
-1.57947, 0.00500119, 
-1.58027, 0.00452295, 
-1.58103, 0.00403386, 
-1.58177, 0.0035353, 
-1.58247, 0.00302869, 
-1.58314, 0.00251544, 
-1.58377, 0.00199699, 
-1.58436, 0.0014748, 
-1.58492, 0.000950302, 
-1.58543, 0.000424957, 
-1.5859, -9.97889e-05, 
-1.58633, -0.000622494, 
-1.58671, -0.00114173, 
-1.58705, -0.00165607, 
-1.58734, -0.00216414, 
-1.58759, -0.00266454, 
-1.58779, -0.00315593, 
-1.58794, -0.00363699, 
-1.58804, -0.00410644, 
-1.5881, -0.00456301, 
-1.5881, -0.00500551, 
-1.58806, -0.00543275, 
-1.58798, -0.00584361, 
-1.58784, -0.00623702, 
-1.58766, -0.00661196, 
-1.58743, -0.00696744, 
-1.58716, -0.00730255, 
-1.58684, -0.00761644, 
-1.58648, -0.00790831, 
-1.58608, -0.00817743, 
-1.58564, -0.00842312, 
-1.58516, -0.00864478, 
-1.58464, -0.00884189, 
-1.58408, -0.00901396, 
-1.58349, -0.00916062, 
-1.58287, -0.00928153, 
-1.58221, -0.00937643, 
-1.58153, -0.00944517, 
-1.58081, -0.00948761, 
-1.58008, -0.00950374, 
-1.57932, -0.00949359, 
-1.57853, -0.00945728, 
-1.57773, -0.00939499, 
-1.57692, -0.00930697, 
-1.57609, -0.00919356, 
-1.57524, -0.00905515, 
-1.57439, -0.0088922, 
-1.57353, -0.00870526, 
-1.57267, -0.00849491, 
-1.5718, -0.00826181, 
-1.57094, -0.00800669, 
-1.57007, -0.00773032, 
-1.56921, -0.00743355, 
-1.56836, -0.00711725, 
-1.56752, -0.00678238, 
-1.56669, -0.00642992, 
-1.56588, -0.00606091, 
-1.56508, -0.00567642, 
-1.56429, -0.00527757, 
-1.56353, -0.0048655, 
-1.5628, -0.00444141, 
-1.56208, -0.0040065, 
-1.56139, -0.00356201, 
-1.56074, -0.0031092, 
-1.56011, -0.00264934, 
-1.55951, -0.00218374, 
-1.55894, -0.00171368, 
-1.55842, -0.00124049, 
-1.55792, -0.000765473, 
-1.55746, -0.000289944, 
-1.55705, 0.000184785, 
-1.55667, 0.000657411, 
-1.55633, 0.00112664, 
-1.55603, 0.00159119, 
-1.55577, 0.00204981, 
-1.55556, 0.00250125, 
-1.55539, 0.00294429, 
-1.55526, 0.00337774, 
-1.55517, 0.00380045, 
-1.55513, 0.00421128, 
-1.55514, 0.00460915, 
-1.55518, 0.004993, 
-1.55527, 0.00536183, 
-1.5554, 0.00571466, 
-1.55557, 0.00605058, 
-1.55578, 0.00636872, 
-1.55604, 0.00666827, 
-1.55633, 0.00694844, 
-1.55667, 0.00720855, 
-1.55704, 0.00744793, 
-1.55745, 0.00766599, 
-1.55789, 0.00786219, 
-1.55837, 0.00803608, 
-1.55888, 0.00818723, 
-1.55942, 0.00831531, 
-1.55999, 0.00842003, 
-1.56059, 0.00850119, 
-1.56121, 0.00855862, 
-1.56186, 0.00859226, 
-1.56253, 0.00860208, 
-1.56323, 0.00858813, 
-1.56394, 0.00855053, 
-1.56466, 0.00848946, 
-1.56541, 0.00840517, 
-1.56616, 0.00829796, 
-1.56693, 0.00816821, 
-1.5677, 0.00801635, 
-1.56848, 0.00784287, 
-1.56926, 0.00764833, 
-1.57004, 0.00743332, 
-1.57083, 0.00719853, 
-1.57161, 0.00694465, 
-1.57238, 0.00667246, 
-1.57315, 0.00638277, 
-1.57391, 0.00607644, 
-1.57466, 0.00575438, 
-1.5754, 0.00541752, 
-1.57612, 0.00506685, 
-1.57682, 0.00470338, 
-1.57751, 0.00432817, 
-1.57817, 0.00394228, 
-1.57881, 0.00354682, 
-1.57943, 0.00314291, 
-1.58002, 0.00273169, 
-1.58058, 0.00231433, 
-1.58112, 0.00189199, 
-1.58162, 0.00146586, 
-1.5821, 0.00103712, 
-1.58254, 0.000606967, 
-1.58294, 0.000176582, 
-1.58331, -0.000252846, 
-1.58365, -0.000680137, 
-1.58395, -0.00110412, 
-1.58421, -0.00152365, 
-1.58444, -0.00193758, 
-1.58462, -0.00234478, 
-1.58477, -0.00274417, 
-1.58488, -0.00313466, 
-1.58495, -0.00351523, 
-1.58498, -0.00388484, 
-1.58497, -0.00424252, 
-1.58492, -0.00458732, 
-1.58483, -0.00491834, 
-1.58471, -0.00523471, 
-1.58454, -0.00553561, 
-1.58434, -0.00582026, 
-1.5841, -0.00608793, 
-1.58383, -0.00633794, 
-1.58352, -0.00656965, 
-1.58318, -0.00678248, 
-1.5828, -0.00697592, 
-1.58239, -0.00714949, 
-1.58196, -0.00730277, 
-1.58149, -0.0074354, 
-1.58099, -0.0075471, 
-1.58047, -0.00763761, 
-1.57992, -0.00770675, 
-1.57935, -0.00775442, 
-1.57876, -0.00778053, 
-1.57815, -0.00778509, 
-1.57752, -0.00776816, 
-1.57687, -0.00772985, 
-1.57621, -0.00767034, 
-1.57554, -0.00758987, 
-1.57485, -0.00748872, 
-1.57416, -0.00736724, 
-1.57346, -0.00722584, 
-1.57275, -0.00706497, 
-1.57205, -0.00688515, 
-1.57134, -0.00668692, 
-1.57063, -0.0064709, 
-1.56992, -0.00623776, 
-1.56922, -0.00598818, 
-1.56853, -0.00572292, 
-1.56784, -0.00544275, 
-1.56716, -0.00514851, 
-1.5665, -0.00484106, 
-1.56585, -0.00452128, 
-1.56522, -0.00419011, 
-1.5646, -0.0038485, 
-1.564, -0.00349742, 
-1.56343, -0.00313787, 
-1.56287, -0.00277088, 
-1.56234, -0.00239748, 
-1.56184, -0.00201873, 
-1.56136, -0.00163568, 
-1.56091, -0.00124941, 
-1.56049, -0.000860996, 
-1.56009, -0.000471509, 
-1.55973, -8.20277e-05, 
-1.5594, 0.000306375, 
-1.55911, 0.000692633, 
-1.55884, 0.00107569, 
-1.55861, 0.0014545, 
-1.55841, 0.00182804, 
-1.55825, 0.0021953, 
-1.55813, 0.00255528, 
-1.55804, 0.00290703, 
-1.55798, 0.00324959, 
-1.55796, 0.00358206, 
-1.55798, 0.00390355, 
-1.55803, 0.00421322, 
-1.55811, 0.00451025, 
-1.55823, 0.00479387, 
-1.55839, 0.00506333, 
-1.55858, 0.00531795, 
-1.5588, 0.00555707, 
-1.55905, 0.00578008, 
-1.55934, 0.00598642, 
-1.55966, 0.00617557, 
-1.56, 0.00634708, 
-1.56038, 0.00650051, 
-1.56078, 0.00663552, 
-1.56121, 0.00675178, 
-1.56166, 0.00684903, 
-1.56214, 0.00692708, 
-1.56264, 0.00698576, 
-1.56316, 0.00702499, 
-1.5637, 0.0070447, 
-1.56425, 0.00704491, 
-1.56483, 0.00702569, 
-1.56541, 0.00698716, 
-1.56602, 0.00692947, 
-1.56663, 0.00685286, 
-1.56725, 0.00675759, 
-1.56788, 0.006644, 
-1.56851, 0.00651245, 
-1.56915, 0.00636338, 
-1.56979, 0.00619724, 
-1.57044, 0.00601456, 
-1.57108, 0.0058159, 
-1.57172, 0.00560185, 
-1.57235, 0.00537307, 
-1.57298, 0.00513022, 
-1.5736, 0.00487404, 
-1.57421, 0.00460527, 
-1.5748, 0.0043247, 
-1.57539, 0.00403314, 
-1.57596, 0.00373144, 
-1.57651, 0.00342046, 
-1.57705, 0.00310108, 
-1.57757, 0.00277423, 
-1.57806, 0.00244082, 
-1.57854, 0.00210181, 
-1.57899, 0.00175813, 
-1.57942, 0.00141076, 
-1.57982, 0.00106066, 
-1.5802, 0.000708817, 
-1.58055, 0.000356195, 
-1.58087, 3.77128e-06, 
-1.58117, -0.000347483, 
-1.58143, -0.000696606, 
-1.58166, -0.00104264, 
-1.58186, -0.00138465, 
-1.58204, -0.0017217, 
-1.58218, -0.00205288, 
-1.58228, -0.0023773, 
-1.58236, -0.00269409, 
-1.5824, -0.0030024, 
-1.58241, -0.00330141, 
-1.58239, -0.00359033, 
-1.58234, -0.00386839, 
-1.58226, -0.00413487, 
-1.58214, -0.00438907, 
-1.58199, -0.00463032, 
-1.58182, -0.00485802, 
-1.58161, -0.00507157, 
-1.58138, -0.00527043, 
-1.58111, -0.00545411, 
-1.58082, -0.00562214, 
-1.5805, -0.00577411, 
-1.58016, -0.00590966, 
-1.57979, -0.00602846, 
-1.5794, -0.00613025, 
-1.57898, -0.0062148, 
-1.57855, -0.00628193, 
-1.57809, -0.0063315, 
-1.57761, -0.00636345, 
-1.57712, -0.00637775, 
-1.57662, -0.0063744, 
-1.57609, -0.00635348, 
-1.57556, -0.00631511, 
-1.57501, -0.00625944, 
-1.57446, -0.00618669, 
-1.57389, -0.00609711, 
-1.57332, -0.00599101, 
-1.57275, -0.00586873, 
-1.57217, -0.00573067, 
-1.57159, -0.00557727, 
-1.57101, -0.00540898, 
-1.57043, -0.00522634, 
-1.56985, -0.00502989, 
-1.56928, -0.00482022, 
-1.56871, -0.00459796, 
-1.56815, -0.00436375, 
-1.5676, -0.00411829, 
-1.56706, -0.0038623, 
-1.56653, -0.00359651, 
-1.56602, -0.00332169, 
-1.56552, -0.00303863, 
-1.56504, -0.00274814, 
-1.56458, -0.00245104, 
-1.56413, -0.00214818, 
-1.5637, -0.00184041, 
-1.5633, -0.0015286, 
-1.56291, -0.00121362, 
-1.56255, -0.000896346, 
-1.56222, -0.000577663, 
-1.56191, -0.000258454, 
-1.56162, 6.04007e-05, 
-1.56136, 0.000378023, 
-1.56113, 0.000693542, 
-1.56092, 0.0010061, 
-1.56075, 0.00131483, 
-1.5606, 0.00161892, 
-1.56048, 0.00191753, 
-1.56038, 0.00220986, 
-1.56032, 0.00249512, 
-1.56029, 0.00277256, 
-1.56028, 0.00304143, 
-1.56031, 0.00330103, 
-1.56036, 0.00355067, 
-1.56044, 0.00378969, 
-1.56055, 0.00401747, 
-1.56069, 0.00423342, 
-1.56086, 0.00443699, 
-1.56105, 0.00462765, 
-1.56127, 0.00480492, 
-1.56151, 0.00496835, 
-1.56178, 0.00511755, 
-1.56207, 0.00525214, 
-1.56239, 0.0053718, 
-1.56273, 0.00547625, 
-1.56309, 0.00556526, 
-1.56347, 0.00563862, 
-1.56386, 0.0056962, 
-1.56428, 0.00573787, 
-1.56471, 0.00576357, 
-1.56516, 0.0057733, 
-1.56562, 0.00576706, 
-1.5661, 0.00574495, 
-1.56658, 0.00570705, 
-1.56708, 0.00565354, 
-1.56758, 0.00558462, 
-1.5681, 0.00550052, 
-1.56861, 0.00540152, 
-1.56914, 0.00528795, 
-1.56966, 0.00516018, 
-1.57019, 0.00501859, 
-1.57071, 0.00486363, 
-1.57124, 0.00469578, 
-1.57176, 0.00451553, 
-1.57228, 0.00432343, 
-1.57279, 0.00412004, 
-1.57329, 0.00390597, 
-1.57379, 0.00368184, 
-1.57427, 0.00344831, 
-1.57475, 0.00320605, 
-1.57521, 0.00295575, 
-1.57566, 0.00269814, 
-1.57609, 0.00243396, 
-1.57651, 0.00216394, 
-1.57691, 0.00188887, 
-1.57729, 0.0016095, 
-1.57765, 0.00132663, 
-1.578, 0.00104105, 
-1.57832, 0.000753555, 
-1.57862, 0.000464943, 
-1.5789, 0.000176013, 
-1.57915, -0.000112436, 
-1.57938, -0.000399612, 
-1.57959, -0.000684728, 
-1.57977, -0.000967005, 
-1.57992, -0.00124568, 
-1.58005, -0.00151998, 
-1.58016, -0.00178919, 
-1.58023, -0.00205256, 
-1.58029, -0.0023094, 
-1.58031, -0.00255902, 
-1.58031, -0.00280076, 
-1.58028, -0.00303397, 
-1.58023, -0.00325805, 
-1.58015, -0.0034724, 
-1.58004, -0.00367646, 
-1.57991, -0.00386971, 
-1.57976, -0.00405166, 
-1.57958, -0.00422183, 
-1.57938, -0.00437979, 
-1.57915, -0.00452516, 
-1.57891, -0.00465757, 
-1.57864, -0.00477669, 
-1.57835, -0.00488225, 
-1.57804, -0.004974, 
-1.57771, -0.00505173, 
-1.57736, -0.00511526, 
-1.577, -0.00516448, 
-1.57662, -0.0051993, 

